rank,node_number,x_n,y_n,z_n,t_n,score
1,15121,0.5415875,0.0415909375,0.774219973497169,0.0,8571.570428571427
2,13323,0.625,0.83803125,0.8851825081315503,0.8275862068965517,8377.499333333331
3,17839,0.6844125,0.9251875,0.8617034092278039,0.0,7139.998999999999
4,5917,0.875,0.326846875,0.7344705457173835,0.13793103448275862,6992.899299999999
5,21054,0.523525,0.75915625,0.9760269847006384,1.0,6669.5547777777765
6,22808,0.672475,0.52753125,0.980363811588965,0.27586206896551724,6666.5547777777765
7,2624,0.1125,0.054980312499999996,0.817094325984821,1.0,6666.332555555554
8,16254,0.7439250000000001,0.64159375,0.7783640525237921,0.27586206896551724,6665.999222222221
9,21361,0.267775,0.55253125,0.9613781472111793,0.6206896551724137,6000.099299999999
10,7456,0.375,0.434375,0.7615106613661005,0.6206896551724137,5996.499299999999
11,837,0.25,0.125,0.62643055053608,0.0,5714.570428571428
12,17953,0.315125,0.09000625,0.9145886037826767,1.0,5555.443666666665
13,24082,0.7734375,0.50525,0.9875436694374171,0.48275862068965514,5454.635727272726
14,15481,0.7636000000000001,0.3585,0.7891217925551137,0.13793103448275862,5000.299299999999
15,22263,0.3032125,0.78296875,0.9930851704613902,0.6206896551724137,4973.399299999999
16,24073,0.434375,0.5033125,0.99979520539694,0.9655172413793103,4717.169150943396
17,18094,0.8031500000000001,0.081425,0.8975304180219251,0.9655172413793103,4717.074811320754
18,17479,0.18441000000000002,0.6126875,0.8617034092278039,0.9655172413793103,4716.320094339621
19,18422,0.4699375,0.711875,0.8950608360438501,0.6896551724137931,4675.419906542055
20,15704,0.4543375,0.6723125,0.8090109625346344,0.8275862068965517,4169.999416666666
21,18902,0.6546375,0.6036875,0.882231056499217,0.8275862068965517,4167.33275
22,17178,0.8151125,0.693125,0.8529213347789423,0.3448275862068966,4000.4992999999995
23,1488,0.1875,0.578125,0.6023370678231538,0.13793103448275862,4000.399299999999
24,5377,0.8625,0.0577125,0.8399349475966751,0.6206896551724137,3999.1992999999993
25,5139,0.625,0.182234375,0.9998795325864354,0.6896551724137931,3738.504018691588
26,11607,0.3625,0.875,0.6534465727020841,0.48275862068965514,3685.1811818181814
27,17055,0.125,0.69625,0.8605951090230093,0.48275862068965514,3603.999363636363
28,15243,0.791575,0.04159125,0.790350560173473,0.3448275862068966,2999.8992999999996
29,8374,0.625,0.6379374999999999,0.7905914950006022,0.3448275862068966,2998.9992999999995
30,14268,0.875,0.96253125,0.7478014697024454,0.13793103448275862,2985.7992999999997
31,6847,0.1125,0.3943125,0.7915190940850501,0.0,2852.284714285714
32,11310,0.125,0.8167500000000001,0.9638718226719671,0.9655172413793103,2834.0559433962258
33,5666,0.8625,0.040591875,0.7470545717383447,0.9655172413793103,2830.6597169811316
34,560,0.6875,0.40625,0.62643055053608,0.48275862068965514,2727.3629999999994
35,11210,0.125,0.844125,0.9902300927599084,0.27586206896551724,2380.221444444444
36,7713,0.375,0.403125,0.8367546078785688,1.0,1108.4214444444442
37,4162,0.375,0.28125,0.8586073966991927,0.3448275862068966,1000.4992999999998
38,10268,0.8625,0.53125,0.978279725334297,0.13793103448275862,900.1593999999999
39,6916,0.1125,0.590625,0.8578604987350921,1.0,889.588222222222
40,10869,0.125,0.73371875,0.8866401638356823,0.0,820.6991428571428
41,13580,0.8625,0.8195625,0.8788820624021202,0.48275862068965514,794.153909090909
42,12001,0.375,0.9640625,0.7157583423683893,0.6206896551724137,782.8193999999999
43,11640,0.3625,0.9375,0.62643055053608,0.0,768.2857142857142
44,12648,0.6125,0.9375,0.62643055053608,0.0,767.2857142857142
45,13024,0.625,0.9375,0.62643055053608,0.0,760.5714285714284
46,12016,0.375,0.9375,0.62643055053608,0.0,757.2857142857142
47,13656,0.8625,0.9375,0.62643055053608,0.0,753.5714285714284
48,14032,0.875,0.9375,0.62643055053608,0.0,747.8571428571428
49,4135,0.375,0.12385312499999998,0.9653294783760993,0.6896551724137931,747.1302803738316
50,10632,0.1125,0.9375,0.62643055053608,0.0,743.9999999999999
51,11008,0.125,0.9375,0.62643055053608,0.0,694.9999999999999
52,8353,0.625,0.5625,0.884001927478617,0.27586206896551724,667.677111111111
53,11640,0.3625,0.9375,0.62643055053608,1.0,659.111111111111
54,12648,0.6125,0.9375,0.62643055053608,1.0,657.3333333333331
55,13024,0.625,0.9375,0.62643055053608,1.0,644.3333333333333
56,11640,0.3625,0.9375,0.62643055053608,0.27586206896551724,641.2222222222221
57,12648,0.6125,0.9375,0.62643055053608,0.27586206896551724,640.5555555555554
58,12016,0.375,0.9375,0.62643055053608,1.0,639.3666666666666
59,14032,0.875,0.9375,0.62643055053608,1.0,637.2222222222221
60,10632,0.1125,0.9375,0.62643055053608,1.0,635.111111111111
61,13024,0.625,0.9375,0.62643055053608,0.27586206896551724,634.9999999999999
62,11666,0.3625,0.934375,0.8107697867726779,0.27586206896551724,633.2326666666665
63,12016,0.375,0.9375,0.62643055053608,0.27586206896551724,632.5555555555554
64,13656,0.8625,0.9375,0.62643055053608,0.27586206896551724,629.9999999999999
65,14032,0.875,0.9375,0.62643055053608,0.27586206896551724,624.2222222222221
66,10632,0.1125,0.9375,0.62643055053608,0.27586206896551724,620.5555555555554
67,8537,0.625,0.528125,0.6509613299602457,0.6206896551724137,612.1193999999999
68,11639,0.3625,0.9375,0.6508384531984098,0.0,611.4285714285713
69,12647,0.6125,0.9375,0.6508384531984098,0.0,611.2857142857142
70,13634,0.8625,0.903125,0.8009998795325863,0.27586206896551724,608.2548888888888
71,13021,0.625,0.9375,0.6508384531984098,0.0,606.1428571428571
72,12013,0.375,0.9375,0.6508384531984098,0.0,600.2857142857142
73,14029,0.875,0.9375,0.6508384531984098,0.0,589.7142857142857
74,11008,0.125,0.9375,0.62643055053608,0.27586206896551724,585.2222222222221
75,13656,0.8625,0.9375,0.62643055053608,0.9655172413793103,584.9056603773583
76,10631,0.1125,0.9375,0.6508384531984098,0.0,582.9999999999999
77,11640,0.3625,0.9375,0.62643055053608,0.6206896551724137,581.9999999999999
78,12648,0.6125,0.9375,0.62643055053608,0.6206896551724137,580.8999999999999
79,13655,0.8625,0.9375,0.6508384531984098,0.0,580.8571428571428
80,11640,0.3625,0.9375,0.62643055053608,0.9655172413793103,580.188679245283
81,13656,0.8625,0.9375,0.62643055053608,0.6206896551724137,579.9999999999999
82,12648,0.6125,0.9375,0.62643055053608,0.9655172413793103,575.4716981132075
83,11640,0.3625,0.9375,0.62643055053608,0.3448275862068966,574.9999999999999
84,11640,0.3625,0.9375,0.62643055053608,0.13793103448275862,574.4999999999999
85,12648,0.6125,0.9375,0.62643055053608,0.13793103448275862,573.5999999999999
86,12648,0.6125,0.9375,0.62643055053608,0.3448275862068966,573.2999999999998
87,13025,0.625,0.934375,0.62643055053608,0.0,572.7142857142857
88,13656,0.8625,0.9375,0.62643055053608,0.3448275862068966,572.5999999999999
89,12017,0.375,0.934375,0.62643055053608,0.0,572.5714285714284
90,13024,0.625,0.9375,0.62643055053608,0.6206896551724137,571.9999999999999
91,13656,0.8625,0.9375,0.62643055053608,0.13793103448275862,571.7999999999998
92,12016,0.375,0.9375,0.62643055053608,0.6206896551724137,571.3999999999999
93,11008,0.125,0.9375,0.62643055053608,0.6206896551724137,569.9999999999999
94,14033,0.875,0.934375,0.62643055053608,0.0,569.8571428571428
95,11009,0.125,0.934375,0.62643055053608,0.0,568.9999999999999
96,13024,0.625,0.9375,0.62643055053608,0.13793103448275862,568.4999999999999
97,12016,0.375,0.9375,0.62643055053608,0.9655172413793103,567.9245283018867
98,12644,0.6125,0.934375,0.62643055053608,0.0,567.8571428571428
99,12016,0.375,0.9375,0.62643055053608,0.13793103448275862,566.9999999999999
100,13652,0.8625,0.934375,0.62643055053608,0.0,566.7142857142857
101,13024,0.625,0.9375,0.62643055053608,0.3448275862068966,566.4999999999999
102,13024,0.625,0.9375,0.62643055053608,0.9655172413793103,566.0377358490565
103,14032,0.875,0.9375,0.62643055053608,0.9655172413793103,566.0377358490565
104,12016,0.375,0.9375,0.62643055053608,0.3448275862068966,565.6999999999999
105,11008,0.125,0.9375,0.62643055053608,0.3448275862068966,564.2999999999998
106,11636,0.3625,0.934375,0.62643055053608,0.0,564.2857142857142
107,10632,0.1125,0.9375,0.62643055053608,0.6206896551724137,563.9999999999999
108,14032,0.875,0.9375,0.62643055053608,0.6206896551724137,563.9999999999999
109,11008,0.125,0.9375,0.62643055053608,0.9655172413793103,563.2075471698113
110,14032,0.875,0.9375,0.62643055053608,0.13793103448275862,559.5999999999999
111,11008,0.125,0.9375,0.62643055053608,0.13793103448275862,558.6999999999999
112,10632,0.1125,0.9375,0.62643055053608,0.9655172413793103,558.4905660377358
113,14032,0.875,0.9375,0.62643055053608,0.3448275862068966,557.9999999999999
114,10632,0.1125,0.9375,0.62643055053608,0.3448275862068966,556.9999999999999
115,10632,0.1125,0.9375,0.62643055053608,0.13793103448275862,556.6999999999999
116,14163,0.875,0.75,0.8186844958438743,0.0,531.8848571428571
117,11639,0.3625,0.9375,0.6508384531984098,1.0,526.4444444444443
118,11008,0.125,0.9375,0.62643055053608,1.0,525.7777777777777
119,11640,0.3625,0.9375,0.62643055053608,0.48275862068965514,525.4545454545454
120,12648,0.6125,0.9375,0.62643055053608,0.48275862068965514,524.5454545454545
121,13656,0.8625,0.9375,0.62643055053608,0.48275862068965514,523.6363636363635
122,12647,0.6125,0.9375,0.6508384531984098,1.0,522.9999999999999
123,13024,0.625,0.9375,0.62643055053608,0.48275862068965514,518.1818181818181
124,11008,0.125,0.9375,0.62643055053608,0.48275862068965514,517.2727272727271
125,12016,0.375,0.9375,0.62643055053608,0.48275862068965514,517.2727272727271
126,13021,0.625,0.9375,0.6508384531984098,1.0,514.6666666666665
127,13656,0.8625,0.9375,0.62643055053608,0.6896551724137931,513.0841121495326
128,11639,0.3625,0.9375,0.6508384531984098,0.27586206896551724,512.4444444444443
129,12647,0.6125,0.9375,0.6508384531984098,0.27586206896551724,512.4444444444443
130,10632,0.1125,0.9375,0.62643055053608,0.48275862068965514,509.99999999999994
131,14032,0.875,0.9375,0.62643055053608,0.48275862068965514,509.99999999999994
132,13021,0.625,0.9375,0.6508384531984098,0.27586206896551724,508.11111111111103
133,11640,0.3625,0.9375,0.62643055053608,0.6896551724137931,507.4766355140186
134,12648,0.6125,0.9375,0.62643055053608,0.6896551724137931,503.73831775700927
135,12013,0.375,0.9375,0.6508384531984098,0.27586206896551724,503.6666666666666
136,14029,0.875,0.9375,0.6508384531984098,1.0,502.6666666666666
137,12013,0.375,0.9375,0.6508384531984098,1.0,501.4333333333332
138,10631,0.1125,0.9375,0.6508384531984098,1.0,496.6666666666666
139,12016,0.375,0.9375,0.62643055053608,0.6896551724137931,496.26168224299056
140,11005,0.125,0.9375,0.6508384531984098,0.0,496.14285714285705
141,14032,0.875,0.9375,0.62643055053608,0.6896551724137931,495.3271028037382
142,13024,0.625,0.9375,0.62643055053608,0.6896551724137931,494.3925233644859
143,14029,0.875,0.9375,0.6508384531984098,0.27586206896551724,494.11111111111103
144,4530,0.6125,0.278125,0.6846187206360679,0.3448275862068966,493.0993999999999
145,11008,0.125,0.9375,0.62643055053608,0.6896551724137931,491.5887850467289
146,13655,0.8625,0.9375,0.6508384531984098,0.27586206896551724,489.11111111111103
147,10632,0.1125,0.9375,0.62643055053608,0.6896551724137931,488.7850467289719
148,10631,0.1125,0.9375,0.6508384531984098,0.27586206896551724,488.2222222222221
149,12017,0.375,0.934375,0.62643055053608,1.0,484.44444444444434
150,11009,0.125,0.934375,0.62643055053608,1.0,481.5555555555555
151,10628,0.1125,0.934375,0.62643055053608,1.0,479.11111111111103
152,12644,0.6125,0.934375,0.62643055053608,1.0,477.44444444444434
153,13656,0.8625,0.9375,0.62643055053608,0.8275862068965517,474.99999999999994
154,14033,0.875,0.934375,0.62643055053608,1.0,472.85555555555544
155,13655,0.8625,0.9375,0.6508384531984098,0.9655172413793103,471.69811320754707
156,13025,0.625,0.934375,0.62643055053608,0.27586206896551724,471.2222222222221
157,12017,0.375,0.934375,0.62643055053608,0.27586206896551724,470.9999999999999
158,13025,0.625,0.934375,0.62643055053608,1.0,470.8888888888888
159,11009,0.125,0.934375,0.62643055053608,0.27586206896551724,468.44444444444434
160,13652,0.8625,0.934375,0.62643055053608,1.0,468.11111111111103
161,14033,0.875,0.934375,0.62643055053608,0.27586206896551724,467.95555555555546
162,12644,0.6125,0.934375,0.62643055053608,0.27586206896551724,467.33333333333326
163,11634,0.3625,0.934375,0.7059462715335502,0.0,466.99999999999994
164,11639,0.3625,0.9375,0.6508384531984098,0.9655172413793103,466.98113207547163
165,13652,0.8625,0.934375,0.62643055053608,0.27586206896551724,466.77777777777766
166,12642,0.6125,0.934375,0.7059462715335502,0.0,466.71428571428567
167,11640,0.3625,0.9375,0.62643055053608,0.8275862068965517,466.6666666666666
168,12648,0.6125,0.9375,0.62643055053608,0.8275862068965517,466.6666666666666
169,11639,0.3625,0.9375,0.6508384531984098,0.6206896551724137,465.99999999999994
170,13026,0.625,0.934375,0.7059462715335502,0.0,465.2857142857142
171,12018,0.375,0.934375,0.7059462715335502,0.0,465.1428571428571
172,12647,0.6125,0.9375,0.6508384531984098,0.6206896551724137,464.7999999999999
173,11636,0.3625,0.934375,0.62643055053608,0.27586206896551724,464.33333333333326
174,12647,0.6125,0.9375,0.6508384531984098,0.9655172413793103,461.32075471698107
175,13650,0.8625,0.934375,0.7059462715335502,0.0,461.1428571428571
176,13655,0.8625,0.9375,0.6508384531984098,0.6206896551724137,461.0999999999999
177,11639,0.3625,0.9375,0.6508384531984098,0.3448275862068966,460.2999999999999
178,11639,0.3625,0.9375,0.6508384531984098,0.13793103448275862,459.5999999999999
179,12647,0.6125,0.9375,0.6508384531984098,0.3448275862068966,459.19999999999993
180,12647,0.6125,0.9375,0.6508384531984098,0.13793103448275862,459.0999999999999
181,13024,0.625,0.9375,0.62643055053608,0.8275862068965517,458.33333333333326
182,14032,0.875,0.9375,0.62643055053608,0.8275862068965517,458.33333333333326
183,12016,0.375,0.9375,0.62643055053608,0.8275862068965517,458.33333333333326
184,13021,0.625,0.9375,0.6508384531984098,0.6206896551724137,458.19999999999993
185,12013,0.375,0.9375,0.6508384531984098,0.9655172413793103,457.54716981132066
186,12013,0.375,0.9375,0.6508384531984098,0.6206896551724137,456.8999999999999
187,11010,0.125,0.934375,0.7059462715335502,0.0,455.4285714285714
188,13655,0.8625,0.9375,0.6508384531984098,0.3448275862068966,455.3999999999999
189,13021,0.625,0.9375,0.6508384531984098,0.13793103448275862,455.0999999999999
190,13021,0.625,0.9375,0.6508384531984098,0.9655172413793103,454.7169811320754
191,14029,0.875,0.9375,0.6508384531984098,0.9655172413793103,454.7169811320754
192,13021,0.625,0.9375,0.6508384531984098,0.3448275862068966,453.99999999999994
193,14034,0.875,0.934375,0.7059462715335502,0.0,453.4285714285714
194,12013,0.375,0.9375,0.6508384531984098,0.3448275862068966,452.69999999999993
195,13655,0.8625,0.9375,0.6508384531984098,0.13793103448275862,452.69999999999993
196,12013,0.375,0.9375,0.6508384531984098,0.13793103448275862,452.19999999999993
197,11005,0.125,0.9375,0.6508384531984098,0.6206896551724137,450.0999999999999
198,11008,0.125,0.9375,0.62643055053608,0.8275862068965517,449.99999999999994
199,10632,0.1125,0.9375,0.62643055053608,0.8275862068965517,449.99999999999994
200,11005,0.125,0.9375,0.6508384531984098,0.9655172413793103,449.99999999999994
201,14029,0.875,0.9375,0.6508384531984098,0.6206896551724137,448.3999999999999
202,10631,0.1125,0.9375,0.6508384531984098,0.6206896551724137,446.7999999999999
203,11005,0.125,0.9375,0.6508384531984098,0.3448275862068966,445.69999999999993
204,10626,0.1125,0.934375,0.7059462715335502,0.0,445.2857142857142
205,10631,0.1125,0.9375,0.6508384531984098,0.9655172413793103,445.28301886792445
206,14029,0.875,0.9375,0.6508384531984098,0.13793103448275862,444.49999999999994
207,14029,0.875,0.9375,0.6508384531984098,0.3448275862068966,444.0999999999999
208,10631,0.1125,0.9375,0.6508384531984098,0.3448275862068966,441.2999999999999
209,10631,0.1125,0.9375,0.6508384531984098,0.13793103448275862,439.2999999999999
210,13025,0.625,0.934375,0.62643055053608,0.9655172413793103,437.7358490566037
211,14033,0.875,0.934375,0.62643055053608,0.9655172413793103,437.7358490566037
212,14033,0.875,0.934375,0.62643055053608,0.6206896551724137,436.8999999999999
213,10628,0.1125,0.934375,0.62643055053608,0.9655172413793103,434.9056603773584
214,10628,0.1125,0.934375,0.62643055053608,0.6206896551724137,434.7999999999999
215,12017,0.375,0.934375,0.62643055053608,0.9655172413793103,432.0754716981131
216,12644,0.6125,0.934375,0.62643055053608,0.9655172413793103,431.13207547169804
217,11005,0.125,0.9375,0.6508384531984098,0.13793103448275862,430.5999999999999
218,14033,0.875,0.934375,0.62643055053608,0.3448275862068966,430.3999999999999
219,14033,0.875,0.934375,0.62643055053608,0.13793103448275862,429.99999999999994
220,10628,0.1125,0.934375,0.62643055053608,0.3448275862068966,429.8999999999999
221,11009,0.125,0.934375,0.62643055053608,0.9655172413793103,429.24528301886784
222,13025,0.625,0.934375,0.62643055053608,0.6206896551724137,428.3999999999999
223,12017,0.375,0.934375,0.62643055053608,0.6206896551724137,428.19999999999993
224,10628,0.1125,0.934375,0.62643055053608,0.13793103448275862,427.8999999999999
225,11009,0.125,0.934375,0.62643055053608,0.6206896551724137,424.99999999999994
226,11005,0.125,0.9375,0.6508384531984098,0.27586206896551724,424.6666666666666
227,13025,0.625,0.934375,0.62643055053608,0.13793103448275862,421.99999999999994
228,12017,0.375,0.934375,0.62643055053608,0.13793103448275862,421.8999999999999
229,13025,0.625,0.934375,0.62643055053608,0.3448275862068966,421.69999999999993
230,12017,0.375,0.934375,0.62643055053608,0.3448275862068966,421.49999999999994
231,12644,0.6125,0.934375,0.62643055053608,0.6206896551724137,421.3999999999999
232,13652,0.8625,0.934375,0.62643055053608,0.6206896551724137,420.99999999999994
233,11639,0.3625,0.9375,0.6508384531984098,0.48275862068965514,420.9090909090908
234,11636,0.3625,0.934375,0.62643055053608,0.9655172413793103,420.754716981132
235,12647,0.6125,0.9375,0.6508384531984098,0.48275862068965514,419.99999999999994
236,13652,0.8625,0.934375,0.62643055053608,0.9655172413793103,419.8113207547169
237,11009,0.125,0.934375,0.62643055053608,0.13793103448275862,419.5999999999999
238,11636,0.3625,0.934375,0.62643055053608,0.6206896551724137,419.2999999999999
239,11009,0.125,0.934375,0.62643055053608,0.3448275862068966,418.99999999999994
240,12644,0.6125,0.934375,0.62643055053608,0.13793103448275862,418.49999999999994
241,13655,0.8625,0.9375,0.6508384531984098,0.48275862068965514,418.18181818181813
242,13652,0.8625,0.934375,0.62643055053608,0.13793103448275862,417.69999999999993
243,11636,0.3625,0.934375,0.62643055053608,0.13793103448275862,416.49999999999994
244,12644,0.6125,0.934375,0.62643055053608,0.3448275862068966,416.3999999999999
245,13652,0.8625,0.934375,0.62643055053608,0.3448275862068966,416.2999999999999
246,13655,0.8625,0.9375,0.6508384531984098,0.6896551724137931,415.88785046728964
247,13021,0.625,0.9375,0.6508384531984098,0.48275862068965514,414.5454545454545
248,11636,0.3625,0.934375,0.62643055053608,0.3448275862068966,414.49999999999994
249,12013,0.375,0.9375,0.6508384531984098,0.48275862068965514,413.63636363636357
250,11005,0.125,0.9375,0.6508384531984098,0.48275862068965514,410.9090909090908
251,11639,0.3625,0.9375,0.6508384531984098,0.6896551724137931,410.28037383177565
252,14029,0.875,0.9375,0.6508384531984098,0.48275862068965514,406.3636363636363
253,12647,0.6125,0.9375,0.6508384531984098,0.6896551724137931,404.6728971962616
254,10631,0.1125,0.9375,0.6508384531984098,0.48275862068965514,404.5454545454545
255,12013,0.375,0.9375,0.6508384531984098,0.6896551724137931,400.9345794392523
256,14029,0.875,0.9375,0.6508384531984098,0.6896551724137931,399.99999999999994
257,12018,0.375,0.934375,0.7059462715335502,1.0,398.44444444444434
258,13021,0.625,0.9375,0.6508384531984098,0.6896551724137931,398.1308411214953
259,13650,0.8625,0.934375,0.7059462715335502,1.0,397.2222222222221
260,11634,0.3625,0.934375,0.7059462715335502,1.0,396.8888888888888
261,12642,0.6125,0.934375,0.7059462715335502,1.0,396.5555555555555
262,13026,0.625,0.934375,0.7059462715335502,1.0,394.6666666666666
263,11005,0.125,0.9375,0.6508384531984098,0.6896551724137931,394.3925233644859
264,10628,0.1125,0.934375,0.62643055053608,0.48275862068965514,393.63636363636357
265,14033,0.875,0.934375,0.62643055053608,0.48275862068965514,393.63636363636357
266,13655,0.8625,0.9375,0.6508384531984098,0.8275862068965517,391.66666666666663
267,10631,0.1125,0.9375,0.6508384531984098,0.6896551724137931,390.65420560747657
268,11634,0.3625,0.934375,0.7059462715335502,0.27586206896551724,390.44444444444434
269,12642,0.6125,0.934375,0.7059462715335502,0.27586206896551724,390.11111111111103
270,13026,0.625,0.934375,0.7059462715335502,0.27586206896551724,388.99999999999994
271,12018,0.375,0.934375,0.7059462715335502,0.27586206896551724,388.6666666666666
272,13025,0.625,0.934375,0.62643055053608,0.48275862068965514,386.3636363636363
273,12017,0.375,0.934375,0.62643055053608,0.48275862068965514,386.3636363636363
274,11010,0.125,0.934375,0.7059462715335502,1.0,385.8888888888888
275,13650,0.8625,0.934375,0.7059462715335502,0.27586206896551724,385.44444444444434
276,11009,0.125,0.934375,0.62643055053608,0.48275862068965514,384.5454545454545
277,11639,0.3625,0.9375,0.6508384531984098,0.8275862068965517,383.33333333333326
278,12644,0.6125,0.934375,0.62643055053608,0.48275862068965514,381.81818181818176
279,13652,0.8625,0.934375,0.62643055053608,0.48275862068965514,380.9090909090908
280,11010,0.125,0.934375,0.7059462715335502,0.27586206896551724,380.6666666666666
281,13025,0.625,0.934375,0.62643055053608,0.6896551724137931,380.37383177570086
282,11636,0.3625,0.934375,0.62643055053608,0.48275862068965514,379.99999999999994
283,14034,0.875,0.934375,0.7059462715335502,0.27586206896551724,378.6666666666666
284,14033,0.875,0.934375,0.62643055053608,0.6896551724137931,378.5046728971962
285,10628,0.1125,0.934375,0.62643055053608,0.6896551724137931,375.7009345794392
286,13021,0.625,0.9375,0.6508384531984098,0.8275862068965517,374.99999999999994
287,12647,0.6125,0.9375,0.6508384531984098,0.8275862068965517,374.99999999999994
288,14029,0.875,0.9375,0.6508384531984098,0.8275862068965517,374.99999999999994
289,12017,0.375,0.934375,0.62643055053608,0.6896551724137931,374.7663551401869
290,12013,0.375,0.9375,0.6508384531984098,0.8275862068965517,374.16666666666663
291,12644,0.6125,0.934375,0.62643055053608,0.6896551724137931,372.89719626168215
292,11009,0.125,0.934375,0.62643055053608,0.6896551724137931,371.9626168224298
293,10626,0.1125,0.934375,0.7059462715335502,0.27586206896551724,371.5555555555555
294,14034,0.875,0.934375,0.7059462715335502,1.0,368.78888888888883
295,11636,0.3625,0.934375,0.62643055053608,0.6896551724137931,364.48598130841117
296,11005,0.125,0.9375,0.6508384531984098,0.8275862068965517,364.16666666666663
297,13025,0.625,0.934375,0.62643055053608,0.8275862068965517,363.33333333333326
298,10631,0.1125,0.9375,0.6508384531984098,0.8275862068965517,363.33333333333326
299,13652,0.8625,0.934375,0.62643055053608,0.6896551724137931,362.6168224299065
300,13028,0.625,0.934375,0.65293579086857,0.0,360.1428571428571
301,12020,0.375,0.934375,0.65293579086857,0.0,360.1428571428571
302,14033,0.875,0.934375,0.62643055053608,0.8275862068965517,359.99999999999994
303,11012,0.125,0.934375,0.65293579086857,0.0,359.99999999999994
304,13650,0.8625,0.934375,0.7059462715335502,0.9655172413793103,359.43396226415086
305,12644,0.6125,0.934375,0.62643055053608,0.8275862068965517,357.49999999999994
306,13648,0.8625,0.934375,0.65293579086857,0.0,356.4285714285714
307,12017,0.375,0.934375,0.62643055053608,0.8275862068965517,355.83333333333326
308,12640,0.6125,0.934375,0.65293579086857,0.0,355.5714285714285
309,11634,0.3625,0.934375,0.7059462715335502,0.9655172413793103,354.71698113207543
310,10628,0.1125,0.934375,0.62643055053608,0.8275862068965517,354.16666666666663
311,12018,0.375,0.934375,0.7059462715335502,0.9655172413793103,353.7735849056603
312,11634,0.3625,0.934375,0.7059462715335502,0.6206896551724137,353.49999999999994
313,14034,0.875,0.934375,0.7059462715335502,0.9655172413793103,352.8301886792452
314,12642,0.6125,0.934375,0.7059462715335502,0.6206896551724137,352.5999999999999
315,11009,0.125,0.934375,0.62643055053608,0.8275862068965517,352.49999999999994
316,13026,0.625,0.934375,0.7059462715335502,0.6206896551724137,351.99999999999994
317,12018,0.375,0.934375,0.7059462715335502,0.6206896551724137,351.8999999999999
318,12642,0.6125,0.934375,0.7059462715335502,0.9655172413793103,350.943396226415
319,11632,0.3625,0.934375,0.65293579086857,0.0,350.82857142857137
320,13026,0.625,0.934375,0.7059462715335502,0.9655172413793103,349.99999999999994
321,11634,0.3625,0.934375,0.7059462715335502,0.13793103448275862,349.99999999999994
322,11634,0.3625,0.934375,0.7059462715335502,0.3448275862068966,349.69999999999993
323,13650,0.8625,0.934375,0.7059462715335502,0.6206896551724137,349.3999999999999
324,12642,0.6125,0.934375,0.7059462715335502,0.13793103448275862,349.29999999999995
325,12642,0.6125,0.934375,0.7059462715335502,0.3448275862068966,348.69999999999993
326,13026,0.625,0.934375,0.7059462715335502,0.13793103448275862,348.3999999999999
327,12018,0.375,0.934375,0.7059462715335502,0.13793103448275862,348.19999999999993
328,13026,0.625,0.934375,0.7059462715335502,0.3448275862068966,347.99999999999994
329,12018,0.375,0.934375,0.7059462715335502,0.3448275862068966,347.8999999999999
330,10460,0.1125,0.684375,0.62643055053608,0.0,347.71428571428567
331,11468,0.3625,0.684375,0.62643055053608,0.0,346.85714285714283
332,13652,0.8625,0.934375,0.62643055053608,0.8275862068965517,346.66666666666663
333,11636,0.3625,0.934375,0.62643055053608,0.8275862068965517,345.83333333333326
334,11010,0.125,0.934375,0.7059462715335502,0.6206896551724137,345.69999999999993
335,13650,0.8625,0.934375,0.7059462715335502,0.13793103448275862,345.69999999999993
336,13650,0.8625,0.934375,0.7059462715335502,0.3448275862068966,345.49999999999994
337,14034,0.875,0.934375,0.7059462715335502,0.6206896551724137,345.19999999999993
338,12476,0.6125,0.684375,0.62643055053608,0.0,344.99999999999994
339,11010,0.125,0.934375,0.7059462715335502,0.9655172413793103,344.3396226415094
340,11010,0.125,0.934375,0.7059462715335502,0.3448275862068966,341.79999999999995
341,11010,0.125,0.934375,0.7059462715335502,0.13793103448275862,341.59999999999997
342,10460,0.1125,0.684375,0.62643055053608,1.0,341.2222222222222
343,14034,0.875,0.934375,0.7059462715335502,0.13793103448275862,341.19999999999993
344,14034,0.875,0.934375,0.7059462715335502,0.3448275862068966,341.19999999999993
345,10626,0.1125,0.934375,0.7059462715335502,1.0,341.12222222222215
346,10626,0.1125,0.934375,0.7059462715335502,0.6206896551724137,340.99999999999994
347,14201,0.875,0.684375,0.62643055053608,0.0,340.2857142857142
348,10626,0.1125,0.934375,0.7059462715335502,0.9655172413793103,339.6226415094339
349,10626,0.1125,0.934375,0.7059462715335502,0.3448275862068966,337.09999999999997
350,10626,0.1125,0.934375,0.7059462715335502,0.13793103448275862,336.19999999999993
351,14036,0.875,0.934375,0.65293579086857,0.0,336.1285714285714
352,12476,0.6125,0.684375,0.62643055053608,1.0,335.8888888888888
353,13193,0.625,0.684375,0.62643055053608,0.0,335.85714285714283
354,11177,0.125,0.684375,0.62643055053608,1.0,334.33333333333326
355,11468,0.3625,0.684375,0.62643055053608,1.0,332.11111111111103
356,13193,0.625,0.684375,0.62643055053608,1.0,328.7777777777777
357,10460,0.1125,0.684375,0.62643055053608,0.27586206896551724,326.66666666666663
358,12185,0.375,0.684375,0.62643055053608,1.0,325.2222222222222
359,12185,0.375,0.684375,0.62643055053608,0.0,323.71428571428567
360,11468,0.3625,0.684375,0.62643055053608,0.27586206896551724,322.33333333333326
361,12476,0.6125,0.684375,0.62643055053608,0.27586206896551724,322.11111111111103
362,11634,0.3625,0.934375,0.7059462715335502,0.48275862068965514,319.99999999999994
363,12642,0.6125,0.934375,0.7059462715335502,0.48275862068965514,319.09090909090907
364,8567,0.625,0.559375,0.7912179255511383,1.0,318.7215555555555
365,13026,0.625,0.934375,0.7059462715335502,0.48275862068965514,318.18181818181813
366,12018,0.375,0.934375,0.7059462715335502,0.48275862068965514,318.18181818181813
367,13650,0.8625,0.934375,0.7059462715335502,0.6896551724137931,316.822429906542
368,14201,0.875,0.684375,0.62643055053608,0.27586206896551724,316.7777777777777
369,13650,0.8625,0.934375,0.7059462715335502,0.48275862068965514,316.3636363636363
370,13193,0.625,0.684375,0.62643055053608,0.27586206896551724,313.66666666666663
371,11010,0.125,0.934375,0.7059462715335502,0.48275862068965514,312.7272727272727
372,14034,0.875,0.934375,0.7059462715335502,0.48275862068965514,311.81818181818176
373,11634,0.3625,0.934375,0.7059462715335502,0.6896551724137931,310.28037383177565
374,14034,0.875,0.934375,0.7059462715335502,0.6896551724137931,310.28037383177565
375,12018,0.375,0.934375,0.7059462715335502,0.6896551724137931,310.28037383177565
376,10626,0.1125,0.934375,0.7059462715335502,0.48275862068965514,309.09090909090907
377,10628,0.1125,0.934375,0.62643055053608,0.0,307.4571428571428
378,10624,0.1125,0.934375,0.65293579086857,1.0,307.33333333333326
379,12642,0.6125,0.934375,0.7059462715335502,0.6896551724137931,306.5420560747663
380,12185,0.375,0.684375,0.62643055053608,0.27586206896551724,305.2222222222222
381,13026,0.625,0.934375,0.7059462715335502,0.6896551724137931,304.67289719626166
382,14036,0.875,0.934375,0.65293579086857,1.0,304.11111111111103
383,11012,0.125,0.934375,0.65293579086857,1.0,302.5555555555555
384,12020,0.375,0.934375,0.65293579086857,1.0,302.09999999999997
385,11177,0.125,0.684375,0.62643055053608,0.3448275862068966,300.19999999999993
386,11010,0.125,0.934375,0.7059462715335502,0.6896551724137931,299.99999999999994
387,13650,0.8625,0.934375,0.7059462715335502,0.8275862068965517,299.16666666666663
388,12476,0.6125,0.684375,0.62643055053608,0.6206896551724137,298.79999999999995
389,12476,0.6125,0.684375,0.62643055053608,0.3448275862068966,298.19999999999993
390,11177,0.125,0.684375,0.62643055053608,0.6206896551724137,297.49999999999994
391,12640,0.6125,0.934375,0.65293579086857,1.0,296.92222222222216
392,10460,0.1125,0.684375,0.62643055053608,0.3448275862068966,296.79999999999995
393,10460,0.1125,0.684375,0.62643055053608,0.6206896551724137,296.49999999999994
394,13484,0.8625,0.684375,0.62643055053608,0.3448275862068966,296.3999999999999
395,10626,0.1125,0.934375,0.7059462715335502,0.6896551724137931,296.2616822429906
396,12476,0.6125,0.684375,0.62643055053608,0.9655172413793103,296.2264150943396
397,10460,0.1125,0.684375,0.62643055053608,0.9655172413793103,296.2264150943396
398,13193,0.625,0.684375,0.62643055053608,0.6206896551724137,296.09999999999997
399,12185,0.375,0.684375,0.62643055053608,0.3448275862068966,295.79999999999995
400,11177,0.125,0.684375,0.62643055053608,0.9655172413793103,295.28301886792445
401,11468,0.3625,0.684375,0.62643055053608,0.6206896551724137,294.79999999999995
402,11012,0.125,0.934375,0.65293579086857,0.27586206896551724,294.66666666666663
403,11468,0.3625,0.684375,0.62643055053608,0.3448275862068966,294.59999999999997
404,13028,0.625,0.934375,0.65293579086857,0.27586206896551724,294.4444444444444
405,12020,0.375,0.934375,0.65293579086857,0.27586206896551724,294.4444444444444
406,13193,0.625,0.684375,0.62643055053608,0.9655172413793103,294.3396226415094
407,12185,0.375,0.684375,0.62643055053608,0.6206896551724137,294.09999999999997
408,13193,0.625,0.684375,0.62643055053608,0.3448275862068966,293.8999999999999
409,10624,0.1125,0.934375,0.65293579086857,0.0,293.18571428571425
410,11468,0.3625,0.684375,0.62643055053608,0.9655172413793103,292.4528301886792
411,13648,0.8625,0.934375,0.65293579086857,0.27586206896551724,291.99999999999994
412,11634,0.3625,0.934375,0.7059462715335502,0.8275862068965517,291.66666666666663
413,14034,0.875,0.934375,0.7059462715335502,0.8275862068965517,291.66666666666663
414,12640,0.6125,0.934375,0.65293579086857,0.27586206896551724,290.88888888888886
415,12018,0.375,0.934375,0.7059462715335502,0.8275862068965517,290.8333333333333
416,14201,0.875,0.684375,0.62643055053608,1.0,290.66666666666663
417,12185,0.375,0.684375,0.62643055053608,0.9655172413793103,290.566037735849
418,13648,0.8625,0.934375,0.65293579086857,1.0,288.5555555555555
419,11177,0.125,0.684375,0.62643055053608,0.13793103448275862,288.09999999999997
420,12472,0.6125,0.684375,0.6508384531984098,0.0,287.99999999999994
421,13635,0.8625,0.903125,0.62643055053608,0.0,287.99999999999994
422,12642,0.6125,0.934375,0.7059462715335502,0.8275862068965517,287.49999999999994
423,13484,0.8625,0.684375,0.62643055053608,1.0,286.66666666666663
424,11632,0.3625,0.934375,0.65293579086857,0.27586206896551724,286.63333333333327
425,13042,0.625,0.903125,0.62643055053608,0.0,286.21428571428567
426,12627,0.6125,0.903125,0.62643055053608,0.0,285.99999999999994
427,13484,0.8625,0.684375,0.62643055053608,0.13793103448275862,285.69999999999993
428,11619,0.3625,0.903125,0.62643055053608,0.0,285.07142857142856
429,13026,0.625,0.934375,0.7059462715335502,0.8275862068965517,284.99999999999994
430,11464,0.3625,0.684375,0.6508384531984098,0.0,284.85714285714283
431,10456,0.1125,0.684375,0.6508384531984098,0.0,284.71428571428567
432,12034,0.375,0.903125,0.62643055053608,0.0,284.4285714285714
433,11635,0.3625,0.934375,0.7324515118660402,0.0,283.85714285714283
434,13029,0.625,0.934375,0.7324515118660402,0.0,283.71428571428567
435,12643,0.6125,0.934375,0.7324515118660402,0.0,283.71428571428567
436,13196,0.625,0.684375,0.6508384531984098,0.0,282.85714285714283
437,12021,0.375,0.934375,0.7324515118660402,0.0,282.57142857142856
438,11026,0.125,0.903125,0.62643055053608,0.0,282.4285714285714
439,12185,0.375,0.684375,0.62643055053608,0.13793103448275862,282.3999999999999
440,13028,0.625,0.934375,0.65293579086857,0.9655172413793103,280.18867924528297
441,14036,0.875,0.934375,0.65293579086857,0.9655172413793103,280.18867924528297
442,10456,0.1125,0.684375,0.6508384531984098,1.0,279.88888888888886
443,10624,0.1125,0.934375,0.65293579086857,0.9655172413793103,279.2452830188679
444,11010,0.125,0.934375,0.7059462715335502,0.8275862068965517,278.3333333333333
445,14201,0.875,0.684375,0.62643055053608,0.3448275862068966,277.4
446,14036,0.875,0.934375,0.65293579086857,0.6206896551724137,277.4
447,12476,0.6125,0.684375,0.62643055053608,0.6896551724137931,276.63551401869154
448,10460,0.1125,0.684375,0.62643055053608,0.6896551724137931,276.63551401869154
449,12472,0.6125,0.684375,0.6508384531984098,1.0,276.5555555555555
450,10624,0.1125,0.934375,0.65293579086857,0.6206896551724137,276.19999999999993
451,10626,0.1125,0.934375,0.7059462715335502,0.8275862068965517,275.8333333333333
452,11177,0.125,0.684375,0.62643055053608,0.6896551724137931,274.7663551401869
453,10460,0.1125,0.684375,0.62643055053608,0.48275862068965514,274.5454545454545
454,11012,0.125,0.934375,0.65293579086857,0.9655172413793103,274.5283018867924
455,12020,0.375,0.934375,0.65293579086857,0.9655172413793103,274.5283018867924
456,11632,0.3625,0.934375,0.65293579086857,1.0,274.1888888888888
457,11180,0.125,0.684375,0.6508384531984098,1.0,274.11111111111103
458,14204,0.875,0.684375,0.6508384531984098,0.0,273.99999999999994
459,13193,0.625,0.684375,0.62643055053608,0.6896551724137931,273.83177570093454
460,11177,0.125,0.684375,0.62643055053608,0.48275862068965514,273.63636363636357
461,12476,0.6125,0.684375,0.62643055053608,0.48275862068965514,273.63636363636357
462,12640,0.6125,0.934375,0.65293579086857,0.9655172413793103,273.58490566037733
463,13484,0.8625,0.684375,0.62643055053608,0.6206896551724137,273.29999999999995
464,10624,0.1125,0.934375,0.65293579086857,0.3448275862068966,272.9
465,14036,0.875,0.934375,0.65293579086857,0.3448275862068966,272.9
466,11468,0.3625,0.684375,0.62643055053608,0.6896551724137931,272.8971962616822
467,14036,0.875,0.934375,0.65293579086857,0.13793103448275862,272.29999999999995
468,10460,0.1125,0.684375,0.62643055053608,0.13793103448275862,271.49999999999994
469,11468,0.3625,0.684375,0.62643055053608,0.48275862068965514,270.9090909090909
470,13193,0.625,0.684375,0.62643055053608,0.48275862068965514,270.9090909090909
471,11464,0.3625,0.684375,0.6508384531984098,1.0,270.5555555555555
472,12185,0.375,0.684375,0.62643055053608,0.6896551724137931,270.0934579439252
473,13196,0.625,0.684375,0.6508384531984098,1.0,269.88888888888886
474,12188,0.375,0.684375,0.6508384531984098,0.0,269.71428571428567
475,12185,0.375,0.684375,0.62643055053608,0.48275862068965514,269.09090909090907
476,11012,0.125,0.934375,0.65293579086857,0.6206896551724137,268.59999999999997
477,13028,0.625,0.934375,0.65293579086857,0.6206896551724137,268.49999999999994
478,12020,0.375,0.934375,0.65293579086857,0.6206896551724137,268.49999999999994
479,14201,0.875,0.684375,0.62643055053608,0.9655172413793103,267.92452830188677
480,14036,0.875,0.934375,0.65293579086857,0.27586206896551724,267.88888888888886
481,10570,0.1125,0.84375,0.8456330562582821,0.27586206896551724,267.2771111111111
482,10456,0.1125,0.684375,0.6508384531984098,0.27586206896551724,266.88888888888886
483,12472,0.6125,0.684375,0.6508384531984098,0.27586206896551724,266.66666666666663
484,13651,0.8625,0.934375,0.7324515118660402,0.0,266.57142857142856
485,13484,0.8625,0.684375,0.62643055053608,0.9655172413793103,266.03773584905656
486,10624,0.1125,0.934375,0.65293579086857,0.13793103448275862,265.30999999999995
487,14037,0.875,0.934375,0.7324515118660402,0.0,264.71428571428567
488,11012,0.125,0.934375,0.65293579086857,0.13793103448275862,264.19999999999993
489,11632,0.3625,0.934375,0.65293579086857,0.9655172413793103,264.15094339622635
490,13648,0.8625,0.934375,0.65293579086857,0.9655172413793103,264.15094339622635
491,11012,0.125,0.934375,0.65293579086857,0.3448275862068966,264.09999999999997
492,13028,0.625,0.934375,0.65293579086857,0.13793103448275862,263.99999999999994
493,12020,0.375,0.934375,0.65293579086857,0.13793103448275862,263.9
494,12020,0.375,0.934375,0.65293579086857,0.3448275862068966,263.9
495,13028,0.625,0.934375,0.65293579086857,0.3448275862068966,263.79999999999995
496,12188,0.375,0.684375,0.6508384531984098,1.0,263.7777777777777
497,13648,0.8625,0.934375,0.65293579086857,0.6206896551724137,263.59999999999997
498,11464,0.3625,0.684375,0.6508384531984098,0.27586206896551724,263.33333333333326
499,12640,0.6125,0.934375,0.65293579086857,0.6206896551724137,262.4
500,13196,0.625,0.684375,0.6508384531984098,0.27586206896551724,261.7777777777777
501,13648,0.8625,0.934375,0.65293579086857,0.13793103448275862,261.4
502,11013,0.125,0.934375,0.7324515118660402,0.0,260.85714285714283
503,12640,0.6125,0.934375,0.65293579086857,0.13793103448275862,260.59999999999997
504,11632,0.3625,0.934375,0.65293579086857,0.6206896551724137,260.4
505,13648,0.8625,0.934375,0.65293579086857,0.3448275862068966,260.4
506,14201,0.875,0.684375,0.62643055053608,0.6206896551724137,259.59999999999997
507,12640,0.6125,0.934375,0.65293579086857,0.3448275862068966,259.09999999999997
508,12477,0.6125,0.6875,0.7059462715335502,0.0,258.57142857142856
509,11632,0.3625,0.934375,0.65293579086857,0.13793103448275862,258.29999999999995
510,13191,0.625,0.6875,0.7059462715335502,0.0,257.71428571428567
511,13491,0.8625,0.69659375,0.7551740754126008,0.0,257.71428571428567
512,13484,0.8625,0.684375,0.62643055053608,0.48275862068965514,257.27272727272725
513,11632,0.3625,0.934375,0.65293579086857,0.3448275862068966,257.19999999999993
514,11469,0.3625,0.6875,0.7059462715335502,0.0,256.57142857142856
515,12183,0.375,0.6875,0.7059462715335502,0.0,256.1428571428571
516,13193,0.625,0.684375,0.62643055053608,0.13793103448275862,256.13999999999993
517,14201,0.875,0.684375,0.62643055053608,0.13793103448275862,255.59999999999997
518,11177,0.125,0.684375,0.62643055053608,0.27586206896551724,255.59999999999994
519,11169,0.125,0.69659375,0.7551740754126008,0.0,254.1428571428571
520,14204,0.875,0.684375,0.6508384531984098,0.27586206896551724,254.11111111111106
521,14201,0.875,0.684375,0.62643055053608,0.48275862068965514,253.6363636363636
522,14193,0.875,0.69659375,0.7551740754126008,0.0,253.57142857142853
523,10624,0.1125,0.934375,0.65293579086857,0.27586206896551724,252.81111111111105
524,12188,0.375,0.684375,0.6508384531984098,0.27586206896551724,252.22222222222217
525,11175,0.125,0.6875,0.7059462715335502,0.0,251.85714285714283
526,10627,0.1125,0.934375,0.7324515118660402,0.0,251.4285714285714
527,12177,0.375,0.69659375,0.7551740754126008,0.0,251.28571428571425
528,10461,0.1125,0.6875,0.7059462715335502,0.0,250.85714285714283
529,10624,0.1125,0.934375,0.65293579086857,0.48275862068965514,250.81818181818178
530,11180,0.125,0.684375,0.6508384531984098,0.0,250.7428571428571
531,14048,0.875,0.90625,0.7671364895795687,0.0,250.1428571428571
532,14036,0.875,0.934375,0.65293579086857,0.48275862068965514,250.09090909090904
533,14050,0.875,0.903125,0.62643055053608,1.0,250.01111111111106
534,10611,0.1125,0.903125,0.62643055053608,1.0,249.72222222222217
535,10467,0.1125,0.69659375,0.7551740754126008,0.0,249.7142857142857
536,12483,0.6125,0.69659375,0.7551740754126008,0.0,249.7142857142857
537,13185,0.625,0.69659375,0.7551740754126008,0.0,249.4285714285714
538,13636,0.8625,0.90625,0.7671364895795687,0.0,249.37142857142854
539,11475,0.3625,0.69659375,0.7551740754126008,0.0,249.28571428571425
540,10612,0.1125,0.90625,0.7671364895795687,0.0,248.99999999999997
541,13485,0.8625,0.6875,0.7059462715335502,0.0,247.99999999999997
542,14201,0.875,0.684375,0.62643055053608,0.6896551724137931,247.6635514018691
543,13484,0.8625,0.684375,0.62643055053608,0.6896551724137931,247.6635514018691
544,11024,0.125,0.90625,0.7671364895795687,0.0,247.58571428571426
545,12476,0.6125,0.684375,0.62643055053608,0.8275862068965517,247.49999999999997
546,13193,0.625,0.684375,0.62643055053608,0.8275862068965517,246.66666666666663
547,12477,0.6125,0.6875,0.7059462715335502,1.0,246.4444444444444
548,10461,0.1125,0.6875,0.7059462715335502,1.0,246.11111111111106
549,11180,0.125,0.684375,0.6508384531984098,0.27586206896551724,245.4666666666666
550,14050,0.875,0.903125,0.62643055053608,0.0,245.4285714285714
551,11177,0.125,0.684375,0.62643055053608,0.0,245.37142857142854
552,11175,0.125,0.6875,0.7059462715335502,1.0,245.3333333333333
553,11468,0.3625,0.684375,0.62643055053608,0.8275862068965517,244.16666666666663
554,13191,0.625,0.6875,0.7059462715335502,1.0,244.11111111111106
555,10460,0.1125,0.684375,0.62643055053608,0.8275862068965517,243.3333333333333
556,11180,0.125,0.684375,0.6508384531984098,0.3448275862068966,243.19999999999996
557,13028,0.625,0.934375,0.65293579086857,0.6896551724137931,242.99065420560743
558,13028,0.625,0.934375,0.65293579086857,0.48275862068965514,242.7272727272727
559,11012,0.125,0.934375,0.65293579086857,0.48275862068965514,242.7272727272727
560,13635,0.8625,0.903125,0.62643055053608,1.0,242.66666666666663
561,11177,0.125,0.684375,0.62643055053608,0.8275862068965517,242.49999999999997
562,12185,0.375,0.684375,0.62643055053608,0.8275862068965517,242.49999999999997
563,12628,0.6125,0.90625,0.7671364895795687,0.0,242.49999999999997
564,12472,0.6125,0.684375,0.6508384531984098,0.9655172413793103,242.4528301886792
565,10456,0.1125,0.684375,0.6508384531984098,0.9655172413793103,242.4528301886792
566,12472,0.6125,0.684375,0.6508384531984098,0.6206896551724137,242.19999999999996
567,11635,0.3625,0.934375,0.7324515118660402,1.0,242.0444444444444
568,13629,0.8625,0.903125,0.655524635586074,0.0,241.99999999999997
569,12032,0.375,0.90625,0.7671364895795687,0.0,241.98571428571427
570,13029,0.625,0.934375,0.7324515118660402,1.0,241.9444444444444
571,13491,0.8625,0.69659375,0.7551740754126008,1.0,241.88888888888883
572,12020,0.375,0.934375,0.65293579086857,0.48275862068965514,241.81818181818178
573,11180,0.125,0.684375,0.6508384531984098,0.6206896551724137,241.79999999999995
574,12034,0.375,0.903125,0.62643055053608,1.0,241.37777777777774
575,12643,0.6125,0.934375,0.7324515118660402,1.0,241.1333333333333
576,14036,0.875,0.934375,0.65293579086857,0.6896551724137931,241.12149532710276
577,12021,0.375,0.934375,0.7324515118660402,1.0,241.0444444444444
578,13040,0.625,0.90625,0.7671364895795687,0.0,240.48571428571427
579,10624,0.1125,0.934375,0.65293579086857,0.6896551724137931,240.18691588785043
580,13196,0.625,0.684375,0.6508384531984098,0.6206896551724137,240.09999999999997
581,12472,0.6125,0.684375,0.6508384531984098,0.3448275862068966,239.79999999999995
582,11469,0.3625,0.6875,0.7059462715335502,1.0,239.77777777777774
583,11180,0.125,0.684375,0.6508384531984098,0.9655172413793103,239.62264150943392
584,13196,0.625,0.684375,0.6508384531984098,0.9655172413793103,239.62264150943392
585,11026,0.125,0.903125,0.62643055053608,1.0,239.55555555555551
586,14193,0.875,0.69659375,0.7551740754126008,1.0,239.55555555555551
587,11620,0.3625,0.90625,0.7671364895795687,0.0,239.04285714285712
588,13635,0.8625,0.903125,0.62643055053608,0.27586206896551724,238.22222222222217
589,12640,0.6125,0.934375,0.65293579086857,0.48275862068965514,238.18181818181813
590,13648,0.8625,0.934375,0.65293579086857,0.48275862068965514,238.18181818181813
591,12627,0.6125,0.903125,0.62643055053608,1.0,238.08888888888885
592,11613,0.3625,0.903125,0.655524635586074,0.0,238.0285714285714
593,13047,0.625,0.903125,0.655524635586074,0.0,237.9285714285714
594,12183,0.375,0.6875,0.7059462715335502,1.0,237.88888888888883
595,12621,0.6125,0.903125,0.655524635586074,0.0,237.8285714285714
596,11464,0.3625,0.684375,0.6508384531984098,0.9655172413793103,237.73584905660374
597,12188,0.375,0.684375,0.6508384531984098,0.3448275862068966,237.69999999999996
598,11635,0.3625,0.934375,0.7324515118660402,0.27586206896551724,237.66666666666663
599,12643,0.6125,0.934375,0.7324515118660402,0.27586206896551724,237.66666666666663
600,13480,0.8625,0.684375,0.6508384531984098,0.3448275862068966,237.59999999999997
601,13029,0.625,0.934375,0.7324515118660402,0.27586206896551724,237.55555555555551
602,11012,0.125,0.934375,0.65293579086857,0.6896551724137931,237.3831775700934
603,12640,0.6125,0.934375,0.65293579086857,0.6896551724137931,237.3831775700934
604,12188,0.375,0.684375,0.6508384531984098,0.6206896551724137,237.29999999999995
605,12477,0.6125,0.6875,0.7059462715335502,0.27586206896551724,237.22222222222217
606,11031,0.125,0.903125,0.655524635586074,0.0,237.1428571428571
607,13023,0.625,0.9375,0.6996542585230695,0.0,236.99999999999997
608,11180,0.125,0.684375,0.6508384531984098,0.13793103448275862,236.79999999999995
609,13191,0.625,0.6875,0.7059462715335502,0.27586206896551724,236.66666666666663
610,12021,0.375,0.934375,0.7324515118660402,0.27586206896551724,236.66666666666663
611,13196,0.625,0.684375,0.6508384531984098,0.3448275862068966,236.59999999999997
612,12039,0.375,0.903125,0.655524635586074,0.0,236.57142857142853
613,13042,0.625,0.903125,0.62643055053608,0.27586206896551724,236.4666666666666
614,12020,0.375,0.934375,0.65293579086857,0.6896551724137931,236.44859813084108
615,12627,0.6125,0.903125,0.62643055053608,0.27586206896551724,236.4444444444444
616,11632,0.3625,0.934375,0.65293579086857,0.48275862068965514,236.27272727272722
617,11464,0.3625,0.684375,0.6508384531984098,0.6206896551724137,235.99999999999994
618,13028,0.625,0.934375,0.65293579086857,0.8275862068965517,235.8333333333333
619,12645,0.6125,0.9375,0.6996542585230695,0.0,235.7142857142857
620,10456,0.1125,0.684375,0.6508384531984098,0.6206896551724137,235.69999999999996
621,11619,0.3625,0.903125,0.62643055053608,0.27586206896551724,235.58888888888885
622,10456,0.1125,0.684375,0.6508384531984098,0.3448275862068966,235.39999999999995
623,11469,0.3625,0.6875,0.7059462715335502,0.27586206896551724,235.22222222222217
624,12034,0.375,0.903125,0.62643055053608,0.27586206896551724,234.99999999999994
625,12188,0.375,0.684375,0.6508384531984098,0.9655172413793103,234.90566037735846
626,11464,0.3625,0.684375,0.6508384531984098,0.3448275862068966,234.79999999999995
627,11175,0.125,0.6875,0.7059462715335502,0.27586206896551724,234.77777777777774
628,12183,0.375,0.6875,0.7059462715335502,0.27586206896551724,234.77777777777774
629,10461,0.1125,0.6875,0.7059462715335502,0.27586206896551724,234.11111111111106
630,11026,0.125,0.903125,0.62643055053608,0.27586206896551724,233.22222222222217
631,10456,0.1125,0.684375,0.6508384531984098,0.13793103448275862,232.79999999999995
632,14199,0.875,0.6875,0.7059462715335502,0.0,232.67142857142855
633,14036,0.875,0.934375,0.65293579086857,0.8275862068965517,232.49999999999997
634,11619,0.3625,0.903125,0.62643055053608,1.0,231.79999999999995
635,13491,0.8625,0.69659375,0.7551740754126008,0.27586206896551724,231.55555555555551
636,14031,0.875,0.9375,0.6996542585230695,0.0,230.99999999999997
637,12015,0.375,0.9375,0.6996542585230695,0.0,230.85714285714283
638,13480,0.8625,0.684375,0.6508384531984098,0.13793103448275862,230.69999999999996
639,12640,0.6125,0.934375,0.65293579086857,0.8275862068965517,229.99999999999997
640,14050,0.875,0.903125,0.62643055053608,0.9655172413793103,229.2452830188679
641,10624,0.1125,0.934375,0.65293579086857,0.8275862068965517,229.16666666666663
642,11637,0.3625,0.9375,0.6996542585230695,0.0,228.57142857142856
643,13485,0.8625,0.6875,0.7059462715335502,0.27586206896551724,228.3333333333333
644,14193,0.875,0.69659375,0.7551740754126008,0.27586206896551724,227.99999999999994
645,11012,0.125,0.934375,0.65293579086857,0.8275862068965517,227.49999999999997
646,11632,0.3625,0.934375,0.65293579086857,0.6896551724137931,227.10280373831773
647,14204,0.875,0.684375,0.6508384531984098,1.0,226.99999999999994
648,14201,0.875,0.684375,0.62643055053608,0.8275862068965517,226.66666666666663
649,12020,0.375,0.934375,0.65293579086857,0.8275862068965517,226.66666666666663
650,11169,0.125,0.69659375,0.7551740754126008,0.27586206896551724,226.66666666666663
651,12177,0.375,0.69659375,0.7551740754126008,0.27586206896551724,226.55555555555551
652,12472,0.6125,0.684375,0.6508384531984098,0.6896551724137931,226.16822429906537
653,10456,0.1125,0.684375,0.6508384531984098,0.6896551724137931,226.16822429906537
654,13648,0.8625,0.934375,0.65293579086857,0.6896551724137931,226.16822429906537
655,10611,0.1125,0.903125,0.62643055053608,0.6206896551724137,225.79999999999995
656,12483,0.6125,0.69659375,0.7551740754126008,0.27586206896551724,225.11111111111106
657,13185,0.625,0.69659375,0.7551740754126008,0.27586206896551724,224.99999999999994
658,11475,0.3625,0.69659375,0.7551740754126008,0.27586206896551724,224.77777777777774
659,12177,0.375,0.69659375,0.7551740754126008,1.0,224.66666666666663
660,12188,0.375,0.684375,0.6508384531984098,0.13793103448275862,224.46999999999997
661,13185,0.625,0.69659375,0.7551740754126008,1.0,224.11111111111106
662,14050,0.875,0.903125,0.62643055053608,0.6206896551724137,223.99999999999997
663,13651,0.8625,0.934375,0.7324515118660402,0.27586206896551724,223.77777777777774
664,11169,0.125,0.69659375,0.7551740754126008,1.0,223.66666666666663
665,10611,0.1125,0.903125,0.62643055053608,0.9655172413793103,223.58490566037733
666,11180,0.125,0.684375,0.6508384531984098,0.6896551724137931,223.36448598130838
667,13484,0.8625,0.684375,0.62643055053608,0.8275862068965517,223.3333333333333
668,10611,0.1125,0.903125,0.62643055053608,0.3448275862068966,223.29999999999995
669,10467,0.1125,0.69659375,0.7551740754126008,0.27586206896551724,222.88888888888886
670,13480,0.8625,0.684375,0.6508384531984098,1.0,222.77777777777774
671,11475,0.3625,0.69659375,0.7551740754126008,1.0,222.55555555555551
672,13196,0.625,0.684375,0.6508384531984098,0.6896551724137931,222.42990654205605
673,22877,0.12499999999999992,0.83690625,0.9819057944825923,0.0,222.4285714285714
674,12483,0.6125,0.69659375,0.7551740754126008,1.0,221.77777777777774
675,10611,0.1125,0.903125,0.62643055053608,0.13793103448275862,221.71999999999997
676,10629,0.1125,0.9375,0.6996542585230695,0.0,221.7142857142857
677,10456,0.1125,0.684375,0.6508384531984098,0.48275862068965514,221.6363636363636
678,14037,0.875,0.934375,0.7324515118660402,0.27586206896551724,221.55555555555551
679,11468,0.3625,0.684375,0.62643055053608,0.13793103448275862,221.27999999999997
680,5630,0.8625,0.100115625,0.8250090350560174,1.0,221.14377777777773
681,23022,0.8625,0.8369375,0.9818817009998795,0.0,221.1428571428571
682,11180,0.125,0.684375,0.6508384531984098,0.48275862068965514,220.90909090909088
683,14050,0.875,0.903125,0.62643055053608,0.3448275862068966,220.79999999999995
684,10467,0.1125,0.69659375,0.7551740754126008,1.0,220.77777777777774
685,14055,0.875,0.903125,0.655524635586074,0.0,220.77142857142854
686,11464,0.3625,0.684375,0.6508384531984098,0.6896551724137931,220.56074766355135
687,12472,0.6125,0.684375,0.6508384531984098,0.48275862068965514,220.36363636363632
688,13196,0.625,0.684375,0.6508384531984098,0.13793103448275862,220.00999999999996
689,14050,0.875,0.903125,0.62643055053608,0.13793103448275862,219.49999999999997
690,13648,0.8625,0.934375,0.65293579086857,0.8275862068965517,219.16666666666663
691,11013,0.125,0.934375,0.7324515118660402,0.27586206896551724,218.88888888888886
692,12221,0.375,0.82203125,0.9989157932779182,0.0,218.7142857142857
693,12437,0.6125,0.82203125,0.9989157932779182,0.0,218.28571428571425
694,12493,0.6125,0.715625,0.62643055053608,0.0,217.85714285714283
695,12188,0.375,0.684375,0.6508384531984098,0.6896551724137931,217.75700934579436
696,13196,0.625,0.684375,0.6508384531984098,0.48275862068965514,217.7272727272727
697,11632,0.3625,0.934375,0.65293579086857,0.8275862068965517,217.49999999999997
698,10477,0.1125,0.715625,0.62643055053608,0.0,217.28571428571425
699,11464,0.3625,0.684375,0.6508384531984098,0.48275862068965514,217.27272727272722
700,14199,0.875,0.6875,0.7059462715335502,0.27586206896551724,217.05555555555551
701,13491,0.8625,0.69659375,0.7551740754126008,0.9655172413793103,216.98113207547166
702,12477,0.6125,0.6875,0.7059462715335502,0.9655172413793103,216.98113207547166
703,13651,0.8625,0.934375,0.7324515118660402,0.9655172413793103,216.98113207547166
704,13480,0.8625,0.684375,0.6508384531984098,0.6206896551724137,216.09999999999997
705,13042,0.625,0.903125,0.62643055053608,0.9655172413793103,216.03773584905656
706,13635,0.8625,0.903125,0.62643055053608,0.9655172413793103,216.03773584905656
707,12021,0.375,0.934375,0.7324515118660402,0.9655172413793103,216.03773584905656
708,12168,0.375,0.715625,0.62643055053608,0.0,215.85714285714283
709,14055,0.875,0.903125,0.655524635586074,1.0,215.61111111111106
710,12188,0.375,0.684375,0.6508384531984098,0.48275862068965514,215.4545454545454
711,13635,0.8625,0.903125,0.62643055053608,0.6206896551724137,215.29999999999995
712,13491,0.8625,0.69659375,0.7551740754126008,0.6206896551724137,215.19999999999996
713,13029,0.625,0.934375,0.7324515118660402,0.6206896551724137,215.09999999999997
714,12021,0.375,0.934375,0.7324515118660402,0.6206896551724137,215.09999999999997
715,13191,0.625,0.6875,0.7059462715335502,0.9655172413793103,215.09433962264148
716,11635,0.3625,0.934375,0.7324515118660402,0.9655172413793103,215.09433962264148
717,11635,0.3625,0.934375,0.7324515118660402,0.6206896551724137,214.99999999999997
718,13042,0.625,0.903125,0.62643055053608,0.6206896551724137,214.79999999999995
719,12643,0.6125,0.934375,0.7324515118660402,0.6206896551724137,214.79999999999995
720,11213,0.125,0.82203125,0.9989157932779182,0.0,214.57142857142856
721,10605,0.1125,0.903125,0.655524635586074,1.0,214.21111111111108
722,14193,0.875,0.69659375,0.7551740754126008,0.9655172413793103,214.15094339622638
723,12643,0.6125,0.934375,0.7324515118660402,0.9655172413793103,214.15094339622638
724,10461,0.1125,0.6875,0.7059462715335502,0.9655172413793103,214.15094339622638
725,12034,0.375,0.903125,0.62643055053608,0.9655172413793103,214.15094339622638
726,11485,0.3625,0.715625,0.62643055053608,0.0,214.1428571428571
727,14204,0.875,0.684375,0.6508384531984098,0.13793103448275862,213.99999999999997
728,11619,0.3625,0.903125,0.62643055053608,0.6206896551724137,213.69999999999996
729,14048,0.875,0.90625,0.7671364895795687,1.0,213.66666666666663
730,11429,0.3625,0.82203125,0.9989157932779182,0.0,213.57142857142856
731,13445,0.8625,0.82203125,0.9989157932779182,0.0,213.57142857142856
732,13635,0.8625,0.903125,0.62643055053608,0.13793103448275862,213.49999999999997
733,12034,0.375,0.903125,0.62643055053608,0.6206896551724137,213.39999999999995
734,11175,0.125,0.6875,0.7059462715335502,0.9655172413793103,213.20754716981128
735,11026,0.125,0.903125,0.62643055053608,0.9655172413793103,213.20754716981128
736,12627,0.6125,0.903125,0.62643055053608,0.6206896551724137,213.19999999999996
737,13229,0.625,0.82203125,0.9989157932779182,0.0,213.1428571428571
738,11635,0.3625,0.934375,0.7324515118660402,0.13793103448275862,212.99999999999997
739,12643,0.6125,0.934375,0.7324515118660402,0.13793103448275862,212.99999999999997
740,11635,0.3625,0.934375,0.7324515118660402,0.3448275862068966,212.79999999999995
741,13635,0.8625,0.903125,0.62643055053608,0.3448275862068966,212.79999999999995
742,13029,0.625,0.934375,0.7324515118660402,0.13793103448275862,212.69999999999996
743,13029,0.625,0.934375,0.7324515118660402,0.3448275862068966,212.59999999999997
744,12643,0.6125,0.934375,0.7324515118660402,0.3448275862068966,212.59999999999997
745,12021,0.375,0.934375,0.7324515118660402,0.3448275862068966,212.59999999999997
746,12021,0.375,0.934375,0.7324515118660402,0.13793103448275862,212.29999999999995
747,14184,0.875,0.715625,0.62643055053608,0.0,212.28571428571425
748,13029,0.625,0.934375,0.7324515118660402,0.9655172413793103,212.2641509433962
749,11619,0.3625,0.903125,0.62643055053608,0.9655172413793103,212.2641509433962
750,14037,0.875,0.934375,0.7324515118660402,0.9655172413793103,212.2641509433962
751,12627,0.6125,0.903125,0.62643055053608,0.9655172413793103,212.2641509433962
752,11619,0.3625,0.903125,0.62643055053608,0.13793103448275862,212.09999999999997
753,13042,0.625,0.903125,0.62643055053608,0.13793103448275862,211.89999999999995
754,11026,0.125,0.903125,0.62643055053608,0.6206896551724137,211.79999999999995
755,13176,0.625,0.715625,0.62643055053608,0.0,211.7142857142857
756,12627,0.6125,0.903125,0.62643055053608,0.13793103448275862,211.69999999999996
757,13042,0.625,0.903125,0.62643055053608,0.3448275862068966,211.59999999999997
758,14204,0.875,0.684375,0.6508384531984098,0.9655172413793103,211.3207547169811
759,13480,0.8625,0.684375,0.6508384531984098,0.9655172413793103,211.3207547169811
760,11619,0.3625,0.903125,0.62643055053608,0.3448275862068966,211.29999999999995
761,11175,0.125,0.6875,0.7059462715335502,0.6206896551724137,211.19999999999996
762,12627,0.6125,0.903125,0.62643055053608,0.3448275862068966,210.69999999999996
763,11175,0.125,0.6875,0.7059462715335502,0.3448275862068966,210.49999999999997
764,10627,0.1125,0.934375,0.7324515118660402,0.27586206896551724,210.4444444444444
765,12477,0.6125,0.6875,0.7059462715335502,0.6206896551724137,210.39999999999995
766,12034,0.375,0.903125,0.62643055053608,0.13793103448275862,210.39999999999995
767,11469,0.3625,0.6875,0.7059462715335502,0.9655172413793103,210.377358490566
768,12183,0.375,0.6875,0.7059462715335502,0.9655172413793103,210.377358490566
769,12034,0.375,0.903125,0.62643055053608,0.3448275862068966,210.29999999999995
770,13651,0.8625,0.934375,0.7324515118660402,0.6206896551724137,209.69999999999996
771,13656,0.8625,0.9375,0.62643055053608,1.0,209.68888888888884
772,14037,0.875,0.934375,0.7324515118660402,0.6206896551724137,209.49999999999997
773,10461,0.1125,0.6875,0.7059462715335502,0.3448275862068966,209.49999999999997
774,14193,0.875,0.69659375,0.7551740754126008,0.6206896551724137,209.39999999999995
775,10628,0.1125,0.934375,0.62643055053608,0.27586206896551724,209.11111111111106
776,10461,0.1125,0.6875,0.7059462715335502,0.6206896551724137,208.99999999999997
777,11026,0.125,0.903125,0.62643055053608,0.13793103448275862,208.89999999999995
778,13491,0.8625,0.69659375,0.7551740754126008,0.13793103448275862,208.89999999999995
779,11026,0.125,0.903125,0.62643055053608,0.3448275862068966,208.69999999999996
780,13491,0.8625,0.69659375,0.7551740754126008,0.3448275862068966,208.69999999999996
781,10612,0.1125,0.90625,0.7671364895795687,1.0,208.51111111111106
782,13191,0.625,0.6875,0.7059462715335502,0.6206896551724137,207.99999999999997
783,12183,0.375,0.6875,0.7059462715335502,0.6206896551724137,207.99999999999997
784,14048,0.875,0.90625,0.7671364895795687,0.27586206896551724,207.99999999999997
785,11469,0.3625,0.6875,0.7059462715335502,0.6206896551724137,207.79999999999995
786,11013,0.125,0.934375,0.7324515118660402,0.9655172413793103,207.5471698113207
787,13651,0.8625,0.934375,0.7324515118660402,0.3448275862068966,207.39999999999995
788,11013,0.125,0.934375,0.7324515118660402,0.6206896551724137,207.19999999999996
789,13636,0.8625,0.90625,0.7671364895795687,0.27586206896551724,207.17777777777775
790,10612,0.1125,0.90625,0.7671364895795687,0.27586206896551724,207.11111111111106
791,11469,0.3625,0.6875,0.7059462715335502,0.3448275862068966,207.09999999999997
792,14037,0.875,0.934375,0.7324515118660402,0.3448275862068966,207.09999999999997
793,12183,0.375,0.6875,0.7059462715335502,0.3448275862068966,206.89999999999995
794,12033,0.375,0.90625,0.62643055053608,0.0,206.5285714285714
795,12633,0.6125,0.90625,0.62643055053608,0.0,206.3285714285714
796,12477,0.6125,0.6875,0.7059462715335502,0.3448275862068966,206.09999999999997
797,13651,0.8625,0.934375,0.7324515118660402,1.0,205.99999999999997
798,13041,0.625,0.90625,0.62643055053608,0.0,205.85714285714283
799,11024,0.125,0.90625,0.7671364895795687,0.27586206896551724,205.7333333333333
800,10627,0.1125,0.934375,0.7324515118660402,0.9655172413793103,205.66037735849054
801,10627,0.1125,0.934375,0.7324515118660402,0.6206896551724137,205.59999999999997
802,12177,0.375,0.69659375,0.7551740754126008,0.13793103448275862,205.59999999999997
803,13480,0.8625,0.684375,0.6508384531984098,0.48275862068965514,205.4545454545454
804,13191,0.625,0.6875,0.7059462715335502,0.3448275862068966,205.39999999999995
805,13651,0.8625,0.934375,0.7324515118660402,0.13793103448275862,205.29999999999995
806,14037,0.875,0.934375,0.7324515118660402,0.13793103448275862,205.19999999999996
807,11625,0.3625,0.90625,0.62643055053608,0.0,204.99999999999997
808,14193,0.875,0.69659375,0.7551740754126008,0.13793103448275862,204.89999999999995
809,11013,0.125,0.934375,0.7324515118660402,0.3448275862068966,204.79999999999995
810,13629,0.8625,0.903125,0.655524635586074,1.0,204.66666666666663
811,10611,0.1125,0.903125,0.62643055053608,0.48275862068965514,204.4545454545454
812,11025,0.125,0.90625,0.62643055053608,0.0,203.88571428571427
813,14193,0.875,0.69659375,0.7551740754126008,0.3448275862068966,203.69999999999996
814,11169,0.125,0.69659375,0.7551740754126008,0.3448275862068966,203.59999999999997
815,10627,0.1125,0.934375,0.7324515118660402,0.3448275862068966,203.39999999999995
816,12472,0.6125,0.684375,0.6508384531984098,0.8275862068965517,203.33333333333331
817,14050,0.875,0.903125,0.62643055053608,0.27586206896551724,203.3222222222222
818,13185,0.625,0.69659375,0.7551740754126008,0.13793103448275862,202.99999999999997
819,13485,0.8625,0.6875,0.7059462715335502,1.0,202.55555555555551
820,12483,0.6125,0.69659375,0.7551740754126008,0.13793103448275862,202.39999999999998
821,12177,0.375,0.69659375,0.7551740754126008,0.3448275862068966,202.29999999999995
822,14050,0.875,0.903125,0.62643055053608,0.48275862068965514,202.27272727272725
823,11169,0.125,0.69659375,0.7551740754126008,0.13793103448275862,201.89999999999998
824,12477,0.6125,0.6875,0.7059462715335502,0.6896551724137931,201.86915887850463
825,11475,0.3625,0.69659375,0.7551740754126008,0.13793103448275862,201.79999999999995
826,12483,0.6125,0.69659375,0.7551740754126008,0.3448275862068966,201.79999999999995
827,13196,0.625,0.684375,0.6508384531984098,0.8275862068965517,201.66666666666663
828,11013,0.125,0.934375,0.7324515118660402,0.13793103448275862,201.59999999999997
829,11031,0.125,0.903125,0.655524635586074,1.0,201.4444444444444
830,12628,0.6125,0.90625,0.7671364895795687,0.27586206896551724,201.28888888888883
831,12646,0.6125,0.9375,0.6752463558607397,0.0,201.25714285714284
832,13185,0.625,0.69659375,0.7551740754126008,0.3448275862068966,201.09999999999997
833,12039,0.375,0.903125,0.655524635586074,1.0,201.01111111111106
834,12168,0.375,0.715625,0.62643055053608,1.0,200.99999999999997
835,12032,0.375,0.90625,0.7671364895795687,0.27586206896551724,200.87777777777774
836,11475,0.3625,0.69659375,0.7551740754126008,0.3448275862068966,200.79999999999995
837,14204,0.875,0.684375,0.6508384531984098,0.48275862068965514,200.4545454545454
838,13629,0.8625,0.903125,0.655524635586074,0.27586206896551724,200.3333333333333
839,12493,0.6125,0.715625,0.62643055053608,1.0,200.3333333333333
840,11620,0.3625,0.90625,0.7671364895795687,1.0,200.12222222222218
841,10456,0.1125,0.684375,0.6508384531984098,0.8275862068965517,199.99999999999997
842,10461,0.1125,0.6875,0.7059462715335502,0.6896551724137931,199.99999999999997
843,11432,0.3625,0.79984375,0.9989157932779182,0.0,199.99999999999997
844,13232,0.625,0.79984375,0.9989157932779182,0.0,199.85714285714283
845,13653,0.8625,0.9375,0.6996542585230695,0.0,199.7142857142857
846,13040,0.625,0.90625,0.7671364895795687,0.27586206896551724,199.46666666666664
847,11169,0.125,0.69659375,0.7551740754126008,0.6206896551724137,199.39999999999998
848,10467,0.1125,0.69659375,0.7551740754126008,0.3448275862068966,199.29999999999995
849,11485,0.3625,0.715625,0.62643055053608,1.0,199.22222222222217
850,11005,0.125,0.9375,0.6508384531984098,1.0,199.17777777777775
851,11464,0.3625,0.684375,0.6508384531984098,0.8275862068965517,199.16666666666663
852,13191,0.625,0.6875,0.7059462715335502,0.6896551724137931,199.06542056074764
853,13491,0.8625,0.69659375,0.7551740754126008,0.6896551724137931,199.06542056074764
854,14050,0.875,0.903125,0.62643055053608,0.6896551724137931,199.06542056074764
855,11613,0.3625,0.903125,0.655524635586074,1.0,198.98888888888885
856,13641,0.8625,0.90625,0.62643055053608,0.0,198.84285714285713
857,13022,0.625,0.9375,0.6752463558607397,0.0,198.7142857142857
858,10627,0.1125,0.934375,0.7324515118660402,0.13793103448275862,198.69999999999996
859,10477,0.1125,0.715625,0.62643055053608,1.0,198.4444444444444
860,14199,0.875,0.6875,0.7059462715335502,0.3448275862068966,198.39999999999998
861,11180,0.125,0.684375,0.6508384531984098,0.8275862068965517,198.33333333333331
862,14204,0.875,0.684375,0.6508384531984098,0.3448275862068966,198.29999999999995
863,11464,0.3625,0.684375,0.6508384531984098,0.13793103448275862,198.25999999999996
864,11620,0.3625,0.90625,0.7671364895795687,0.27586206896551724,198.22222222222217
865,11175,0.125,0.6875,0.7059462715335502,0.6896551724137931,198.13084112149528
866,12177,0.375,0.69659375,0.7551740754126008,0.9655172413793103,198.11320754716976
867,24335,0.8625,0.8275,0.9975906517287073,0.9655172413793103,198.11320754716976
868,12621,0.6125,0.903125,0.655524635586074,1.0,198.02222222222218
869,12177,0.375,0.69659375,0.7551740754126008,0.6206896551724137,197.99999999999997
870,12493,0.6125,0.715625,0.62643055053608,0.27586206896551724,197.66666666666663
871,23656,0.625,0.805625,0.9877002770750511,0.0,197.28571428571425
872,14199,0.875,0.6875,0.7059462715335502,1.0,197.22222222222217
873,13185,0.625,0.69659375,0.7551740754126008,0.9655172413793103,197.1698113207547
874,12483,0.6125,0.69659375,0.7551740754126008,0.9655172413793103,197.1698113207547
875,11613,0.3625,0.903125,0.655524635586074,0.27586206896551724,196.89999999999995
876,10477,0.1125,0.715625,0.62643055053608,0.27586206896551724,196.88888888888886
877,11638,0.3625,0.9375,0.6752463558607397,0.0,196.85714285714283
878,23534,0.3625,0.805625,0.9877002770750511,0.0,196.85714285714283
879,11013,0.125,0.934375,0.7324515118660402,1.0,196.79999999999995
880,12621,0.6125,0.903125,0.655524635586074,0.27586206896551724,196.7444444444444
881,12188,0.375,0.684375,0.6508384531984098,0.8275862068965517,196.66666666666663
882,13047,0.625,0.903125,0.655524635586074,0.27586206896551724,196.66666666666663
883,13492,0.8625,0.70125,0.7658836284784966,0.0,196.57142857142856
884,12483,0.6125,0.69659375,0.7551740754126008,0.6206896551724137,196.39999999999998
885,20916,0.125,0.7618750000000001,0.9661366100469823,0.0,196.28571428571425
886,14193,0.875,0.69659375,0.7551740754126008,0.6896551724137931,196.26168224299062
887,11169,0.125,0.69659375,0.7551740754126008,0.9655172413793103,196.2264150943396
888,11475,0.3625,0.69659375,0.7551740754126008,0.9655172413793103,196.2264150943396
889,12168,0.375,0.715625,0.62643055053608,0.27586206896551724,196.22222222222217
890,11031,0.125,0.903125,0.655524635586074,0.27586206896551724,196.11111111111106
891,13185,0.625,0.69659375,0.7551740754126008,0.6206896551724137,195.99999999999997
892,11475,0.3625,0.69659375,0.7551740754126008,0.6206896551724137,195.89999999999998
893,10467,0.1125,0.69659375,0.7551740754126008,0.13793103448275862,195.79999999999995
894,12039,0.375,0.903125,0.655524635586074,0.27586206896551724,195.66666666666663
895,11170,0.125,0.70125,0.7658836284784966,0.0,195.42857142857142
896,14194,0.875,0.70125,0.7658836284784966,0.0,195.42857142857142
897,11213,0.125,0.82203125,0.9989157932779182,1.0,195.3333333333333
898,11469,0.3625,0.6875,0.7059462715335502,0.6896551724137931,195.32710280373828
899,14204,0.875,0.684375,0.6508384531984098,0.6896551724137931,195.32710280373828
900,13480,0.8625,0.684375,0.6508384531984098,0.6896551724137931,195.32710280373828
901,24194,0.125,0.8275,0.9975906517287073,0.0,195.1428571428571
902,24335,0.8625,0.8275,0.9975906517287073,0.0,195.1428571428571
903,21077,0.8625,0.7618750000000001,0.9661366100469823,0.0,195.1428571428571
904,10467,0.1125,0.69659375,0.7551740754126008,0.6206896551724137,195.09999999999997
905,13040,0.625,0.90625,0.7671364895795687,1.0,194.85888888888886
906,12477,0.6125,0.6875,0.7059462715335502,0.48275862068965514,194.81818181818178
907,13635,0.8625,0.903125,0.62643055053608,0.48275862068965514,194.7272727272727
908,11485,0.3625,0.715625,0.62643055053608,0.27586206896551724,194.55555555555551
909,11635,0.3625,0.934375,0.7324515118660402,0.48275862068965514,194.5454545454545
910,12021,0.375,0.934375,0.7324515118660402,0.48275862068965514,194.5454545454545
911,10611,0.1125,0.903125,0.62643055053608,0.6896551724137931,194.39252336448595
912,13029,0.625,0.934375,0.7324515118660402,0.48275862068965514,194.36363636363635
913,12643,0.6125,0.934375,0.7324515118660402,0.48275862068965514,194.36363636363635
914,13176,0.625,0.715625,0.62643055053608,1.0,194.1111111111111
915,10468,0.1125,0.70125,0.7658836284784966,0.0,193.99999999999997
916,13042,0.625,0.903125,0.62643055053608,0.48275862068965514,193.81818181818178
917,14049,0.875,0.90625,0.62643055053608,0.0,193.7142857142857
918,11175,0.125,0.6875,0.7059462715335502,0.48275862068965514,193.6363636363636
919,10461,0.1125,0.6875,0.7059462715335502,0.48275862068965514,193.6363636363636
920,12183,0.375,0.6875,0.7059462715335502,0.6896551724137931,193.45794392523362
921,11619,0.3625,0.903125,0.62643055053608,0.48275862068965514,193.4545454545454
922,10467,0.1125,0.69659375,0.7551740754126008,0.9655172413793103,193.3962264150943
923,12627,0.6125,0.903125,0.62643055053608,0.48275862068965514,192.99999999999997
924,13047,0.625,0.903125,0.655524635586074,1.0,192.8822222222222
925,13453,0.8625,0.7631875,0.9796651005902903,0.0,192.85714285714283
926,14184,0.875,0.715625,0.62643055053608,0.27586206896551724,192.66666666666663
927,12034,0.375,0.903125,0.62643055053608,0.48275862068965514,192.4545454545454
928,24263,0.6125,0.8275,0.9975906517287073,0.9655172413793103,192.4528301886792
929,14055,0.875,0.903125,0.655524635586074,0.9655172413793103,192.4528301886792
930,13176,0.625,0.715625,0.62643055053608,0.27586206896551724,192.3333333333333
931,13191,0.625,0.6875,0.7059462715335502,0.48275862068965514,192.27272727272725
932,14184,0.875,0.715625,0.62643055053608,1.0,192.22222222222217
933,11221,0.125,0.7631875,0.9796651005902903,0.0,191.85714285714283
934,11469,0.3625,0.6875,0.7059462715335502,0.48275862068965514,191.81818181818178
935,12178,0.375,0.70125,0.7658836284784966,0.0,191.57142857142856
936,13485,0.8625,0.6875,0.7059462715335502,0.3448275862068966,191.49999999999997
937,11026,0.125,0.903125,0.62643055053608,0.48275862068965514,190.99999999999997
938,12484,0.6125,0.70125,0.7658836284784966,0.0,190.99999999999997
939,13651,0.8625,0.934375,0.7324515118660402,0.48275862068965514,190.90909090909088
940,10605,0.1125,0.903125,0.655524635586074,0.6206896551724137,190.79999999999995
941,13186,0.625,0.70125,0.7658836284784966,0.0,190.7142857142857
942,13023,0.625,0.9375,0.6996542585230695,0.27586206896551724,190.66666666666663
943,13651,0.8625,0.934375,0.7324515118660402,0.6896551724137931,190.6542056074766
944,13443,0.8625,0.8368125,0.9940850499939766,0.0,190.57142857142856
945,13485,0.8625,0.6875,0.7059462715335502,0.13793103448275862,190.56999999999996
946,13442,0.8625,0.844125,0.9902300927599084,0.0,190.28571428571425
947,14037,0.875,0.934375,0.7324515118660402,0.48275862068965514,190.27272727272725
948,12183,0.375,0.6875,0.7059462715335502,0.48275862068965514,189.99999999999997
949,11476,0.3625,0.70125,0.7658836284784966,0.0,189.99999999999997
950,11160,0.125,0.715625,0.62643055053608,1.0,189.77777777777774
951,12628,0.6125,0.90625,0.7671364895795687,1.0,189.4955555555555
952,12645,0.6125,0.9375,0.6996542585230695,0.27586206896551724,189.3333333333333
953,10605,0.1125,0.903125,0.655524635586074,0.13793103448275862,189.16999999999996
954,12487,0.6125,0.715625,0.6545717383447777,0.0,188.99999999999997
955,11013,0.125,0.934375,0.7324515118660402,0.48275862068965514,188.81818181818178
956,10605,0.1125,0.903125,0.655524635586074,0.3448275862068966,188.79999999999995
957,11635,0.3625,0.934375,0.7324515118660402,0.6896551724137931,188.78504672897193
958,12021,0.375,0.934375,0.7324515118660402,0.6896551724137931,188.78504672897193
959,14055,0.875,0.903125,0.655524635586074,0.6206896551724137,188.69999999999996
960,14048,0.875,0.90625,0.7671364895795687,0.9655172413793103,188.67924528301884
961,13636,0.8625,0.90625,0.7671364895795687,0.9655172413793103,188.67924528301884
962,23512,0.125,0.805625,0.9877002770750511,0.0,188.1428571428571
963,14048,0.875,0.90625,0.7671364895795687,0.6206896551724137,188.09999999999997
964,13491,0.8625,0.69659375,0.7551740754126008,0.48275862068965514,188.09090909090907
965,13636,0.8625,0.90625,0.7671364895795687,0.6206896551724137,187.99999999999997
966,10617,0.1125,0.90625,0.62643055053608,0.0,187.99999999999997
967,12437,0.6125,0.82203125,0.9989157932779182,1.0,187.88888888888886
968,13042,0.625,0.903125,0.62643055053608,0.6896551724137931,187.8504672897196
969,10629,0.1125,0.9375,0.6996542585230695,0.9655172413793103,187.73584905660374
970,10605,0.1125,0.903125,0.655524635586074,0.9655172413793103,187.73584905660374
971,11211,0.125,0.8368125,0.9940850499939766,0.0,187.7142857142857
972,10612,0.1125,0.90625,0.7671364895795687,0.6206896551724137,187.69999999999996
973,12221,0.375,0.82203125,0.9989157932779182,0.27586206896551724,187.66666666666663
974,12173,0.375,0.715625,0.6545717383447777,0.0,187.6285714285714
975,13445,0.8625,0.82203125,0.9989157932779182,1.0,187.55555555555551
976,14050,0.875,0.903125,0.62643055053608,0.8275862068965517,187.49999999999997
977,10627,0.1125,0.934375,0.7324515118660402,0.48275862068965514,187.4545454545454
978,12221,0.375,0.82203125,0.9989157932779182,1.0,187.4444444444444
979,12437,0.6125,0.82203125,0.9989157932779182,0.27586206896551724,187.4444444444444
980,12224,0.375,0.79984375,0.9989157932779182,0.0,187.42857142857142
981,23669,0.8625,0.805625,0.9877002770750511,0.0,187.28571428571425
982,11024,0.125,0.90625,0.7671364895795687,0.6206896551724137,187.19999999999996
983,12643,0.6125,0.934375,0.7324515118660402,0.6896551724137931,186.91588785046727
984,14037,0.875,0.934375,0.7324515118660402,0.6896551724137931,186.91588785046727
985,13635,0.8625,0.903125,0.62643055053608,0.6896551724137931,186.91588785046727
986,13480,0.8625,0.684375,0.6508384531984098,0.27586206896551724,186.91111111111107
987,12440,0.6125,0.79984375,0.9989157932779182,0.0,186.85714285714283
988,13485,0.8625,0.6875,0.7059462715335502,0.9655172413793103,186.79245283018864
989,13501,0.8625,0.715625,0.62643055053608,1.0,186.77777777777774
990,13226,0.625,0.844125,0.9902300927599084,0.0,186.57142857142856
991,23016,0.625,0.83690625,0.9819057944825923,0.0,186.57142857142856
992,12572,0.6125,0.8195625,0.8788820624021202,0.0,186.49999999999997
993,12306,0.375,0.82128125,0.9870015660763762,0.0,186.42857142857142
994,22864,0.3625,0.8369375,0.9818817009998795,0.0,186.42857142857142
995,14048,0.875,0.90625,0.7671364895795687,0.13793103448275862,186.29999999999995
996,23670,0.8625,0.7931874999999999,0.9851343211661244,0.0,186.28571428571425
997,11210,0.125,0.844125,0.9902300927599084,0.0,186.1428571428571
998,22216,0.12499999999999996,0.7837500000000001,0.9813155041561258,0.0,186.1428571428571
999,14055,0.875,0.903125,0.655524635586074,0.3448275862068966,186.09999999999997
1000,14204,0.875,0.684375,0.6508384531984098,0.6206896551724137,185.99999999999997
1001,13636,0.8625,0.90625,0.7671364895795687,0.13793103448275862,185.99999999999997
1002,11213,0.125,0.82203125,0.9989157932779182,0.27586206896551724,185.99999999999997
1003,13029,0.625,0.934375,0.7324515118660402,0.6896551724137931,185.9813084112149
1004,12034,0.375,0.903125,0.62643055053608,0.6896551724137931,185.9813084112149
1005,12183,0.375,0.6875,0.7059462715335502,0.13793103448275862,185.95999999999998
1006,14048,0.875,0.90625,0.7671364895795687,0.3448275862068966,185.89999999999998
1007,13229,0.625,0.82203125,0.9989157932779182,1.0,185.88888888888886
1008,14031,0.875,0.9375,0.6996542585230695,0.27586206896551724,185.88888888888886
1009,12353,0.6125,0.82128125,0.9870015660763762,0.0,185.85714285714283
1010,11426,0.3625,0.844125,0.9902300927599084,0.0,185.7142857142857
1011,10612,0.1125,0.90625,0.7671364895795687,0.13793103448275862,185.69999999999996
1012,13636,0.8625,0.90625,0.7671364895795687,0.3448275862068966,185.69999999999996
1013,22360,0.625,0.7837500000000001,0.9813155041561258,0.0,185.57142857142856
1014,10612,0.1125,0.90625,0.7671364895795687,0.3448275862068966,185.49999999999997
1015,14055,0.875,0.903125,0.655524635586074,0.13793103448275862,185.49999999999997
1016,10556,0.1125,0.8195625,0.8788820624021202,0.0,185.41428571428568
1017,23022,0.8625,0.8369375,0.9818817009998795,1.0,185.22222222222217
1018,11026,0.125,0.903125,0.62643055053608,0.6896551724137931,185.04672897196258
1019,11024,0.125,0.90625,0.7671364895795687,0.3448275862068966,184.99999999999997
1020,11024,0.125,0.90625,0.7671364895795687,0.13793103448275862,184.99999999999997
1021,22877,0.12499999999999992,0.83690625,0.9819057944825923,0.27586206896551724,184.99999999999997
1022,13445,0.8625,0.82203125,0.9989157932779182,0.27586206896551724,184.99999999999997
1023,23520,0.12499999999999992,0.79315625,0.9851222744247681,0.0,184.99999999999997
1024,10612,0.1125,0.90625,0.7671364895795687,0.9655172413793103,184.90566037735846
1025,11479,0.3625,0.715625,0.6545717383447777,0.0,184.57142857142856
1026,10471,0.1125,0.715625,0.6545717383447777,0.0,184.57142857142856
1027,13229,0.625,0.82203125,0.9989157932779182,0.27586206896551724,184.4444444444444
1028,12015,0.375,0.9375,0.6996542585230695,0.27586206896551724,184.4444444444444
1029,22373,0.8625,0.7837500000000001,0.9813155041561258,0.0,184.42857142857142
1030,11429,0.3625,0.82203125,0.9989157932779182,0.27586206896551724,184.3333333333333
1031,13491,0.8625,0.69659375,0.7551740754126008,0.8275862068965517,184.16666666666663
1032,11619,0.3625,0.903125,0.62643055053608,0.6896551724137931,184.11214953271025
1033,12627,0.6125,0.903125,0.62643055053608,0.6896551724137931,184.11214953271025
1034,23022,0.8625,0.8369375,0.9818817009998795,0.27586206896551724,184.1111111111111
1035,14055,0.875,0.903125,0.655524635586074,0.27586206896551724,184.08888888888885
1036,13181,0.625,0.715625,0.6545717383447777,0.0,183.99999999999997
1037,11024,0.125,0.90625,0.7671364895795687,0.9655172413793103,183.96226415094335
1038,14309,0.875,0.85690625,0.96883508011083,0.9655172413793103,183.96226415094335
1039,11637,0.3625,0.9375,0.6996542585230695,0.27586206896551724,183.3333333333333
1040,12638,0.6125,0.9252812499999999,0.7551740754126008,0.0,183.25714285714284
1041,22877,0.12499999999999992,0.83690625,0.9819057944825923,1.0,183.22222222222217
1042,14194,0.875,0.70125,0.7658836284784966,1.0,183.1111111111111
1043,13492,0.8625,0.70125,0.7658836284784966,1.0,183.1111111111111
1044,14193,0.875,0.69659375,0.7551740754126008,0.48275862068965514,183.09090909090907
1045,11007,0.125,0.9375,0.6996542585230695,0.9655172413793103,183.01886792452828
1046,10557,0.1125,0.82659375,0.8773762197325623,1.0,182.99999999999997
1047,22238,0.3625,0.7837500000000001,0.9813155041561258,0.0,182.99999999999997
1048,14199,0.875,0.6875,0.7059462715335502,0.13793103448275862,182.40999999999997
1049,13034,0.625,0.9252812499999999,0.7551740754126008,0.0,182.29999999999998
1050,12032,0.375,0.90625,0.7671364895795687,0.6206896551724137,182.09999999999997
1051,12628,0.6125,0.90625,0.7671364895795687,0.6206896551724137,182.09999999999997
1052,12628,0.6125,0.90625,0.7671364895795687,0.9655172413793103,182.07547169811318
1053,13636,0.8625,0.90625,0.7671364895795687,1.0,181.77666666666664
1054,12168,0.375,0.715625,0.62643055053608,0.3448275862068966,181.69999999999996
1055,12493,0.6125,0.715625,0.62643055053608,0.3448275862068966,181.69999999999996
1056,12477,0.6125,0.6875,0.7059462715335502,0.8275862068965517,181.66666666666663
1057,13227,0.625,0.8368125,0.9940850499939766,0.0,181.57142857142856
1058,11427,0.3625,0.8368125,0.9940850499939766,0.0,181.42857142857142
1059,12087,0.375,0.8195625,0.8788820624021202,0.0,181.39999999999998
1060,11013,0.125,0.934375,0.7324515118660402,0.6896551724137931,181.30841121495325
1061,14199,0.875,0.6875,0.7059462715335502,0.9655172413793103,181.13207547169807
1062,13629,0.8625,0.903125,0.655524635586074,0.9655172413793103,181.13207547169807
1063,10611,0.1125,0.903125,0.62643055053608,0.8275862068965517,180.83333333333331
1064,12014,0.375,0.9375,0.6752463558607397,0.0,180.7142857142857
1065,13629,0.8625,0.903125,0.655524635586074,0.6206896551724137,180.69999999999996
1066,13185,0.625,0.69659375,0.7551740754126008,0.6896551724137931,180.3738317757009
1067,12177,0.375,0.69659375,0.7551740754126008,0.6896551724137931,180.3738317757009
1068,12032,0.375,0.90625,0.7671364895795687,0.13793103448275862,180.29999999999995
1069,12628,0.6125,0.90625,0.7671364895795687,0.13793103448275862,180.29999999999995
1070,14189,0.875,0.715625,0.6545717383447777,0.0,180.28571428571425
1071,13040,0.625,0.90625,0.7671364895795687,0.6206896551724137,180.19999999999996
1072,14031,0.875,0.9375,0.6996542585230695,0.9655172413793103,180.188679245283
1073,14199,0.875,0.6875,0.7059462715335502,0.6206896551724137,180.09999999999997
1074,14193,0.875,0.69659375,0.7551740754126008,0.8275862068965517,179.99999999999997
1075,12032,0.375,0.90625,0.7671364895795687,0.3448275862068966,179.99999999999997
1076,12628,0.6125,0.90625,0.7671364895795687,0.3448275862068966,179.79999999999995
1077,11475,0.3625,0.69659375,0.7551740754126008,0.6896551724137931,179.43925233644856
1078,10627,0.1125,0.934375,0.7324515118660402,0.6896551724137931,179.43925233644856
1079,12483,0.6125,0.69659375,0.7551740754126008,0.6896551724137931,179.43925233644856
1080,11620,0.3625,0.90625,0.7671364895795687,0.6206896551724137,179.39999999999998
1081,12168,0.375,0.715625,0.62643055053608,0.6206896551724137,179.39999999999998
1082,13629,0.8625,0.903125,0.655524635586074,0.13793103448275862,179.39999999999998
1083,12032,0.375,0.90625,0.7671364895795687,0.9655172413793103,179.2452830188679
1084,13047,0.625,0.903125,0.655524635586074,0.9655172413793103,179.2452830188679
1085,11630,0.3625,0.9252812499999999,0.7551740754126008,0.0,179.2285714285714
1086,13191,0.625,0.6875,0.7059462715335502,0.8275862068965517,179.16666666666663
1087,14204,0.875,0.684375,0.6508384531984098,0.8275862068965517,179.16666666666663
1088,13651,0.8625,0.934375,0.7324515118660402,0.8275862068965517,179.16666666666663
1089,23535,0.3625,0.7931874999999999,0.9851343211661244,0.0,178.99999999999997
1090,10629,0.1125,0.9375,0.6996542585230695,0.6206896551724137,178.79999999999995
1091,13629,0.8625,0.903125,0.655524635586074,0.3448275862068966,178.69999999999996
1092,12493,0.6125,0.715625,0.62643055053608,0.6206896551724137,178.69999999999996
1093,13040,0.625,0.90625,0.7671364895795687,0.13793103448275862,178.59999999999997
1094,13047,0.625,0.903125,0.655524635586074,0.6206896551724137,178.59999999999997
1095,11429,0.3625,0.82203125,0.9989157932779182,1.0,178.55555555555551
1096,11169,0.125,0.69659375,0.7551740754126008,0.6896551724137931,178.50467289719623
1097,24335,0.8625,0.8275,0.9975906517287073,0.6896551724137931,178.50467289719623
1098,11432,0.3625,0.79984375,0.9989157932779182,1.0,178.4444444444444
1099,13480,0.8625,0.684375,0.6508384531984098,0.8275862068965517,178.33333333333331
1100,11565,0.3625,0.82659375,0.8773762197325623,0.0,178.31714285714284
1101,13040,0.625,0.90625,0.7671364895795687,0.9655172413793103,178.3018867924528
1102,12168,0.375,0.715625,0.62643055053608,0.9655172413793103,178.3018867924528
1103,12015,0.375,0.9375,0.6996542585230695,0.9655172413793103,178.3018867924528
1104,13174,0.625,0.71875,0.7718949524153716,0.0,178.1428571428571
1105,11485,0.3625,0.715625,0.62643055053608,0.3448275862068966,178.09999999999997
1106,13040,0.625,0.90625,0.7671364895795687,0.3448275862068966,177.99999999999997
1107,11031,0.125,0.903125,0.655524635586074,0.6206896551724137,177.89999999999998
1108,14031,0.875,0.9375,0.6996542585230695,0.6206896551724137,177.89999999999998
1109,13921,0.875,0.7068125000000001,0.7915190940850501,0.0,177.85714285714283
1110,21096,0.8625,0.7618750000000001,0.9785086134200698,0.0,177.85714285714283
1111,11486,0.3625,0.71875,0.7718949524153716,0.0,177.7142857142857
1112,23664,0.625,0.79315625,0.9851222744247681,0.0,177.7142857142857
1113,10629,0.1125,0.9375,0.6996542585230695,0.27586206896551724,177.66666666666663
1114,11613,0.3625,0.903125,0.655524635586074,0.6206896551724137,177.59999999999997
1115,12039,0.375,0.903125,0.655524635586074,0.6206896551724137,177.59999999999997
1116,11820,0.3625,0.79634375,0.9860498735092157,0.0,177.57142857142856
1117,14236,0.875,0.8294374999999998,0.9969883146608842,0.0,177.57142857142856
1118,11620,0.3625,0.90625,0.7671364895795687,0.13793103448275862,177.49999999999997
1119,11031,0.125,0.903125,0.655524635586074,0.9655172413793103,177.35849056603772
1120,13445,0.8625,0.82203125,0.9989157932779182,0.9655172413793103,177.35849056603772
1121,10352,0.1125,0.85690625,0.96883508011083,0.9655172413793103,177.35849056603772
1122,12621,0.6125,0.903125,0.655524635586074,0.6206896551724137,177.29999999999995
1123,20949,0.125,0.7618750000000001,0.9785086134200698,0.0,177.1428571428571
1124,11620,0.3625,0.90625,0.7671364895795687,0.3448275862068966,177.09999999999997
1125,13023,0.625,0.9375,0.6996542585230695,0.9655172413793103,176.98113207547166
1126,10477,0.1125,0.715625,0.62643055053608,0.13793103448275862,176.89999999999998
1127,11169,0.125,0.69659375,0.7551740754126008,0.48275862068965514,176.7272727272727
1128,13042,0.625,0.903125,0.62643055053608,0.8275862068965517,176.66666666666663
1129,10461,0.1125,0.6875,0.7059462715335502,0.8275862068965517,176.66666666666663
1130,13635,0.8625,0.903125,0.62643055053608,0.8275862068965517,176.66666666666663
1131,10467,0.1125,0.69659375,0.7551740754126008,0.6896551724137931,176.63551401869157
1132,12842,0.625,0.79634375,0.9860498735092157,0.0,176.42857142857142
1133,11620,0.3625,0.90625,0.7671364895795687,0.9655172413793103,176.4150943396226
1134,12493,0.6125,0.715625,0.62643055053608,0.9655172413793103,176.4150943396226
1135,12039,0.375,0.903125,0.655524635586074,0.9655172413793103,176.4150943396226
1136,13176,0.625,0.715625,0.62643055053608,0.3448275862068966,176.39999999999998
1137,11485,0.3625,0.715625,0.62643055053608,0.6206896551724137,176.39999999999998
1138,11613,0.3625,0.903125,0.655524635586074,0.13793103448275862,176.39999999999998
1139,14309,0.875,0.85690625,0.96883508011083,0.0,176.28571428571425
1140,12026,0.375,0.9252812499999999,0.7551740754126008,0.0,176.27142857142854
1141,12621,0.6125,0.903125,0.655524635586074,0.13793103448275862,176.19999999999996
1142,10420,0.1125,0.8294374999999998,0.9969883146608842,0.0,176.1428571428571
1143,13047,0.625,0.903125,0.655524635586074,0.13793103448275862,176.09999999999997
1144,13047,0.625,0.903125,0.655524635586074,0.3448275862068966,175.99999999999997
1145,11007,0.125,0.9375,0.6996542585230695,0.6206896551724137,175.99999999999997
1146,11175,0.125,0.6875,0.7059462715335502,0.8275862068965517,175.83333333333331
1147,11635,0.3625,0.934375,0.7324515118660402,0.8275862068965517,175.83333333333331
1148,12021,0.375,0.934375,0.7324515118660402,0.8275862068965517,175.83333333333331
1149,13492,0.8625,0.70125,0.7658836284784966,0.27586206896551724,175.77777777777774
1150,11007,0.125,0.9375,0.6996542585230695,0.0,175.7142857142857
1151,10738,0.1125,0.7068125000000001,0.7915190940850501,0.0,175.7142857142857
1152,11613,0.3625,0.903125,0.655524635586074,0.3448275862068966,175.69999999999996
1153,10629,0.1125,0.9375,0.6996542585230695,0.3448275862068966,175.69999999999996
1154,13484,0.8625,0.684375,0.62643055053608,0.27586206896551724,175.57777777777775
1155,11031,0.125,0.903125,0.655524635586074,0.13793103448275862,175.49999999999997
1156,11485,0.3625,0.715625,0.62643055053608,0.9655172413793103,175.4716981132075
1157,11637,0.3625,0.9375,0.6996542585230695,0.9655172413793103,175.4716981132075
1158,12437,0.6125,0.82203125,0.9989157932779182,0.9655172413793103,175.4716981132075
1159,12621,0.6125,0.903125,0.655524635586074,0.9655172413793103,175.4716981132075
1160,10477,0.1125,0.715625,0.62643055053608,0.3448275862068966,175.42999999999998
1161,11031,0.125,0.903125,0.655524635586074,0.3448275862068966,175.39999999999998
1162,13485,0.8625,0.6875,0.7059462715335502,0.6206896551724137,175.29999999999995
1163,12621,0.6125,0.903125,0.655524635586074,0.3448275862068966,175.29999999999995
1164,10622,0.1125,0.9252812499999999,0.7551740754126008,0.0,175.28571428571425
1165,12039,0.375,0.903125,0.655524635586074,0.13793103448275862,175.19999999999996
1166,11165,0.125,0.715625,0.6545717383447777,0.0,175.15714285714284
1167,11469,0.3625,0.6875,0.7059462715335502,0.8275862068965517,174.99999999999997
1168,12183,0.375,0.6875,0.7059462715335502,0.8275862068965517,174.99999999999997
1169,12643,0.6125,0.934375,0.7324515118660402,0.8275862068965517,174.99999999999997
1170,14037,0.875,0.934375,0.7324515118660402,0.8275862068965517,174.99999999999997
1171,12034,0.375,0.903125,0.62643055053608,0.8275862068965517,174.99999999999997
1172,12039,0.375,0.903125,0.655524635586074,0.3448275862068966,174.99999999999997
1173,14037,0.875,0.934375,0.7324515118660402,1.0,174.9444444444444
1174,13653,0.8625,0.9375,0.6996542585230695,0.6206896551724137,174.89999999999998
1175,13495,0.8625,0.715625,0.6545717383447777,0.0,174.84285714285713
1176,14031,0.875,0.9375,0.6996542585230695,0.3448275862068966,174.79999999999995
1177,22896,0.12499999999999992,0.83690625,0.9940368630285508,0.0,174.7142857142857
1178,13097,0.625,0.82659375,0.8773762197325623,0.0,174.6585714285714
1179,12646,0.6125,0.9375,0.6752463558607397,1.0,174.64444444444442
1180,14194,0.875,0.70125,0.7658836284784966,0.27586206896551724,174.55555555555551
1181,11213,0.125,0.82203125,0.9989157932779182,0.9655172413793103,174.52830188679243
1182,11613,0.3625,0.903125,0.655524635586074,0.9655172413793103,174.52830188679243
1183,12221,0.375,0.82203125,0.9989157932779182,0.9655172413793103,174.52830188679243
1184,10477,0.1125,0.715625,0.62643055053608,0.6206896551724137,174.19999999999996
1185,11026,0.125,0.903125,0.62643055053608,0.8275862068965517,174.16666666666663
1186,13176,0.625,0.715625,0.62643055053608,0.6206896551724137,174.09999999999997
1187,13485,0.8625,0.6875,0.7059462715335502,0.48275862068965514,174.09090909090907
1188,11158,0.125,0.71875,0.7718949524153716,0.0,173.99999999999997
1189,12166,0.375,0.71875,0.7718949524153716,0.0,173.99999999999997
1190,14042,0.875,0.9252812499999999,0.7551740754126008,0.0,173.85714285714283
1191,12494,0.6125,0.71875,0.7718949524153716,0.0,173.85714285714283
1192,14103,0.875,0.8195625,0.8788820624021202,0.0,173.7285714285714
1193,14308,0.875,0.8503437500000001,0.9739549451873267,0.9655172413793103,173.58490566037733
1194,10477,0.1125,0.715625,0.62643055053608,0.9655172413793103,173.58490566037733
1195,11222,0.125,0.756,0.9729671123960967,0.0,173.57142857142856
1196,12645,0.6125,0.9375,0.6996542585230695,0.9655172413793103,173.3962264150943
1197,12627,0.6125,0.903125,0.62643055053608,0.8275862068965517,173.33333333333331
1198,11170,0.125,0.70125,0.7658836284784966,0.27586206896551724,173.3333333333333
1199,14031,0.875,0.9375,0.6996542585230695,0.13793103448275862,173.29999999999995
1200,13238,0.625,0.756,0.9729671123960967,0.0,173.28571428571425
1201,13232,0.625,0.79984375,0.9989157932779182,1.0,173.2222222222222
1202,11438,0.3625,0.756,0.9729671123960967,0.0,173.1428571428571
1203,23035,0.8625,0.8369375,0.9940127695458378,0.0,173.1428571428571
1204,13501,0.8625,0.715625,0.62643055053608,0.0,173.1142857142857
1205,13501,0.8625,0.715625,0.62643055053608,0.3448275862068966,173.09999999999997
1206,12015,0.375,0.9375,0.6996542585230695,0.6206896551724137,173.09999999999997
1207,11007,0.125,0.9375,0.6996542585230695,0.3448275862068966,172.99999999999997
1208,10352,0.1125,0.85690625,0.96883508011083,0.0,172.99999999999997
1209,11432,0.3625,0.79984375,0.9989157932779182,0.27586206896551724,172.88888888888886
1210,12646,0.6125,0.9375,0.6752463558607397,0.27586206896551724,172.88888888888886
1211,13762,0.8625,0.7068125000000001,0.7915190940850501,0.0,172.85714285714283
1212,13023,0.625,0.9375,0.6996542585230695,0.6206896551724137,172.79999999999995
1213,13361,0.8625,0.82128125,0.9870015660763762,0.0,172.7142857142857
1214,13646,0.8625,0.9252812499999999,0.7551740754126008,0.0,172.68571428571425
1215,13232,0.625,0.79984375,0.9989157932779182,0.27586206896551724,172.66666666666663
1216,23534,0.3625,0.805625,0.9877002770750511,1.0,172.66666666666663
1217,13176,0.625,0.715625,0.62643055053608,0.9655172413793103,172.64150943396223
1218,14184,0.875,0.715625,0.62643055053608,0.9655172413793103,172.64150943396223
1219,10605,0.1125,0.903125,0.655524635586074,0.48275862068965514,172.5454545454545
1220,13029,0.625,0.934375,0.7324515118660402,0.8275862068965517,172.49999999999997
1221,11619,0.3625,0.903125,0.62643055053608,0.8275862068965517,172.49999999999997
1222,11905,0.375,0.7068125000000001,0.7915190940850501,0.0,172.42857142857142
1223,12177,0.375,0.69659375,0.7551740754126008,0.48275862068965514,172.36363636363635
1224,13186,0.625,0.70125,0.7658836284784966,1.0,172.3333333333333
1225,11160,0.125,0.715625,0.62643055053608,0.3448275862068966,172.29999999999995
1226,11345,0.3625,0.82128125,0.9870015660763762,0.0,172.28571428571425
1227,13502,0.8625,0.71875,0.7718949524153716,0.0,172.28571428571425
1228,12645,0.6125,0.9375,0.6996542585230695,0.6206896551724137,172.19999999999996
1229,11298,0.125,0.82128125,0.9870015660763762,0.0,172.1428571428571
1230,12173,0.375,0.715625,0.6545717383447777,1.0,172.1111111111111
1231,10468,0.1125,0.70125,0.7658836284784966,0.27586206896551724,172.1111111111111
1232,13653,0.8625,0.9375,0.6996542585230695,0.3448275862068966,171.99999999999997
1233,13485,0.8625,0.6875,0.7059462715335502,0.6896551724137931,171.96261682242988
1234,12754,0.6125,0.7068125000000001,0.7915190940850501,0.0,171.85714285714283
1235,14199,0.875,0.6875,0.7059462715335502,0.48275862068965514,171.81818181818178
1236,10897,0.125,0.7068125000000001,0.7915190940850501,0.0,171.7142857142857
1237,13314,0.625,0.82128125,0.9870015660763762,0.0,171.7142857142857
1238,10351,0.1125,0.8503437500000001,0.9739549451873267,0.9655172413793103,171.69811320754715
1239,12178,0.375,0.70125,0.7658836284784966,0.27586206896551724,171.66666666666663
1240,14030,0.875,0.9375,0.6752463558607397,0.0,171.57142857142856
1241,12913,0.625,0.7068125000000001,0.7915190940850501,0.0,171.28571428571428
1242,14105,0.875,0.82659375,0.8773762197325623,1.0,171.25555555555553
1243,12484,0.6125,0.70125,0.7658836284784966,1.0,171.2222222222222
1244,12484,0.6125,0.70125,0.7658836284784966,0.27586206896551724,171.2222222222222
1245,12487,0.6125,0.715625,0.6545717383447777,1.0,171.2222222222222
1246,23689,0.8625,0.7931874999999999,0.9972292494880134,0.0,171.1428571428571
1247,11018,0.125,0.9252812499999999,0.7551740754126008,0.0,171.1142857142857
1248,13186,0.625,0.70125,0.7658836284784966,0.27586206896551724,170.99999999999997
1249,12487,0.6125,0.715625,0.6545717383447777,0.27586206896551724,170.99999999999997
1250,11746,0.3625,0.7068125000000001,0.7915190940850501,0.0,170.99999999999997
1251,23540,0.12499999999999992,0.79315625,0.9972172027466569,0.0,170.99999999999997
1252,13023,0.625,0.9375,0.6996542585230695,0.13793103448275862,170.89999999999998
1253,13501,0.8625,0.715625,0.62643055053608,0.6206896551724137,170.89999999999998
1254,11025,0.125,0.90625,0.62643055053608,1.0,170.88888888888886
1255,13229,0.625,0.82203125,0.9989157932779182,0.9655172413793103,170.75471698113205
1256,12218,0.375,0.844125,0.9902300927599084,0.0,170.7142857142857
1257,12434,0.6125,0.844125,0.9902300927599084,0.0,170.7142857142857
1258,11479,0.3625,0.715625,0.6545717383447777,1.0,170.66666666666663
1259,10468,0.1125,0.70125,0.7658836284784966,1.0,170.66666666666663
1260,10629,0.1125,0.9375,0.6996542585230695,0.13793103448275862,170.59999999999997
1261,11625,0.3625,0.90625,0.62643055053608,1.0,170.52222222222218
1262,11170,0.125,0.70125,0.7658836284784966,1.0,170.4444444444444
1263,11476,0.3625,0.70125,0.7658836284784966,0.27586206896551724,170.4444444444444
1264,14055,0.875,0.903125,0.655524635586074,0.48275862068965514,170.36363636363635
1265,13022,0.625,0.9375,0.6752463558607397,0.27586206896551724,170.3333333333333
1266,11160,0.125,0.715625,0.62643055053608,0.6206896551724137,170.29999999999998
1267,22246,0.12499999999999992,0.77128125,0.9860257800265027,0.0,170.28571428571428
1268,12115,0.375,0.8023125,0.8788820624021202,0.0,170.24285714285713
1269,12033,0.375,0.90625,0.62643055053608,1.0,170.1333333333333
1270,12645,0.6125,0.9375,0.6996542585230695,0.13793103448275862,170.09999999999997
1271,12015,0.375,0.9375,0.6996542585230695,0.3448275862068966,170.09999999999997
1272,24263,0.6125,0.8275,0.9975906517287073,0.6896551724137931,170.09345794392522
1273,11361,0.3625,0.8634375000000001,0.9629442235875195,1.0,169.99999999999997
1274,13454,0.8625,0.756,0.9729671123960967,0.0,169.99999999999997
1275,12549,0.6125,0.8023125,0.8788820624021202,0.0,169.94285714285712
1276,13185,0.625,0.69659375,0.7551740754126008,0.48275862068965514,169.90909090909088
1277,14048,0.875,0.90625,0.7671364895795687,0.48275862068965514,169.90909090909088
1278,13836,0.8625,0.79634375,0.9860498735092157,0.0,169.85714285714283
1279,12173,0.375,0.715625,0.6545717383447777,0.27586206896551724,169.85555555555553
1280,11429,0.3625,0.82203125,0.9989157932779182,0.9655172413793103,169.81132075471695
1281,12015,0.375,0.9375,0.6996542585230695,0.13793103448275862,169.79999999999998
1282,11638,0.3625,0.9375,0.6752463558607397,1.0,169.77777777777774
1283,10826,0.125,0.79634375,0.9860498735092157,0.0,169.7142857142857
1284,13023,0.625,0.9375,0.6996542585230695,0.3448275862068966,169.69999999999996
1285,10532,0.1125,0.79528125,0.8773762197325623,0.0,169.6428571428571
1286,13636,0.8625,0.90625,0.7671364895795687,0.48275862068965514,169.6363636363636
1287,10853,0.125,0.7584375,0.9629442235875195,0.0,169.57142857142856
1288,10612,0.1125,0.90625,0.7671364895795687,0.48275862068965514,169.5454545454545
1289,14184,0.875,0.715625,0.62643055053608,0.13793103448275862,169.49999999999997
1290,14130,0.875,0.79528125,0.8773762197325623,0.0,169.3142857142857
1291,11637,0.3625,0.9375,0.6996542585230695,0.6206896551724137,169.19999999999996
1292,11024,0.125,0.90625,0.7671364895795687,0.48275862068965514,169.18181818181816
1293,11423,0.3625,0.865875,0.9729671123960967,1.0,169.1111111111111
1294,11638,0.3625,0.9375,0.6752463558607397,0.27586206896551724,169.1111111111111
1295,12178,0.375,0.70125,0.7658836284784966,1.0,169.1111111111111
1296,12645,0.6125,0.9375,0.6996542585230695,0.3448275862068966,169.09999999999997
1297,13501,0.8625,0.715625,0.62643055053608,0.9655172413793103,168.86792452830187
1298,12573,0.6125,0.82659375,0.8773762197325623,1.0,168.86666666666665
1299,13439,0.8625,0.865875,0.9729671123960967,0.0,168.85714285714283
1300,11564,0.3625,0.8195625,0.8788820624021202,0.0,168.78571428571428
1301,12483,0.6125,0.69659375,0.7551740754126008,0.48275862068965514,168.7272727272727
1302,22387,0.8625,0.7713125,0.9860619202505723,0.0,168.7142857142857
1303,13745,0.8625,0.6673125,0.7767256956993133,1.0,168.66666666666663
1304,11475,0.3625,0.69659375,0.7551740754126008,0.48275862068965514,168.6363636363636
1305,24194,0.125,0.8275,0.9975906517287073,1.0,168.55555555555551
1306,21077,0.8625,0.7618750000000001,0.9661366100469823,1.0,168.4444444444444
1307,10830,0.125,0.78125,0.9501746777496686,0.0,168.42857142857142
1308,12221,0.375,0.82203125,0.9989157932779182,0.13793103448275862,168.39999999999998
1309,11013,0.125,0.934375,0.7324515118660402,0.8275862068965517,168.33333333333331
1310,24335,0.8625,0.8275,0.9975906517287073,0.8275862068965517,168.33333333333331
1311,11476,0.3625,0.70125,0.7658836284784966,1.0,168.3333333333333
1312,10471,0.1125,0.715625,0.6545717383447777,1.0,168.3333333333333
1313,11361,0.3625,0.8634375000000001,0.9629442235875195,0.0,168.28571428571428
1314,14055,0.875,0.903125,0.655524635586074,0.6896551724137931,168.22429906542052
1315,10858,0.125,0.75,0.9248042404529574,0.0,168.1428571428571
1316,12437,0.6125,0.82203125,0.9989157932779182,0.13793103448275862,168.09999999999997
1317,13653,0.8625,0.9375,0.6996542585230695,0.13793103448275862,168.09999999999997
1318,11160,0.125,0.715625,0.62643055053608,0.13793103448275862,168.06999999999996
1319,12221,0.375,0.82203125,0.9989157932779182,0.3448275862068966,167.99999999999997
1320,13830,0.8625,0.78125,0.9501746777496686,0.0,167.99999999999997
1321,13641,0.8625,0.90625,0.62643055053608,1.0,167.88888888888886
1322,11216,0.125,0.79984375,0.9989157932779182,0.0,167.85714285714283
1323,12221,0.375,0.82203125,0.9989157932779182,0.6206896551724137,167.79999999999998
1324,13921,0.875,0.7068125000000001,0.7915190940850501,1.0,167.77777777777774
1325,10467,0.1125,0.69659375,0.7551740754126008,0.48275862068965514,167.7272727272727
1326,13095,0.625,0.8195625,0.8788820624021202,0.0,167.7142857142857
1327,12437,0.6125,0.82203125,0.9989157932779182,0.3448275862068966,167.69999999999996
1328,12437,0.6125,0.82203125,0.9989157932779182,0.6206896551724137,167.69999999999996
1329,12089,0.375,0.82659375,0.8773762197325623,1.0,167.67777777777775
1330,13453,0.8625,0.7631875,0.9796651005902903,1.0,167.66666666666663
1331,12033,0.375,0.90625,0.62643055053608,0.27586206896551724,167.6111111111111
1332,12633,0.6125,0.90625,0.62643055053608,1.0,167.57777777777775
1333,12633,0.6125,0.90625,0.62643055053608,0.27586206896551724,167.47777777777773
1334,13806,0.8625,0.7584375,0.9629442235875195,0.0,167.42857142857142
1335,11479,0.3625,0.715625,0.6545717383447777,0.27586206896551724,167.3333333333333
1336,14199,0.875,0.6875,0.7059462715335502,0.6896551724137931,167.2897196261682
1337,11207,0.125,0.865875,0.9729671123960967,0.0,167.28571428571428
1338,13041,0.625,0.90625,0.62643055053608,0.27586206896551724,167.26666666666662
1339,10471,0.1125,0.715625,0.6545717383447777,0.27586206896551724,167.1111111111111
1340,23656,0.625,0.805625,0.9877002770750511,0.27586206896551724,166.99999999999997
1341,14195,0.875,0.706,0.7761354053728465,0.0,166.99999999999997
1342,11160,0.125,0.715625,0.62643055053608,0.9655172413793103,166.98113207547166
1343,12548,0.6125,0.79528125,0.8773762197325623,0.0,166.97142857142856
1344,11160,0.125,0.715625,0.62643055053608,0.0,166.87142857142854
1345,13302,0.625,0.8634375000000001,0.9629442235875195,0.0,166.85714285714283
1346,13448,0.8625,0.79984375,0.9989157932779182,0.0,166.85714285714283
1347,13802,0.8625,0.75,0.9248042404529574,0.0,166.85714285714283
1348,12114,0.375,0.79528125,0.8773762197325623,0.0,166.75714285714284
1349,10627,0.1125,0.934375,0.7324515118660402,0.8275862068965517,166.66666666666663
1350,13181,0.625,0.715625,0.6545717383447777,0.27586206896551724,166.66666666666663
1351,13443,0.8625,0.8368125,0.9940850499939766,1.0,166.66666666666663
1352,11625,0.3625,0.90625,0.62643055053608,0.27586206896551724,166.55555555555551
1353,24335,0.8625,0.8275,0.9975906517287073,1.0,166.55555555555551
1354,11213,0.125,0.82203125,0.9989157932779182,0.13793103448275862,166.49999999999997
1355,23534,0.3625,0.805625,0.9877002770750511,0.27586206896551724,166.4444444444444
1356,24259,0.375,0.8275,0.9975906517287073,0.0,166.42857142857142
1357,12828,0.6125,0.79634375,0.9860498735092157,0.0,166.28571428571428
1358,13181,0.625,0.715625,0.6545717383447777,1.0,166.2222222222222
1359,11637,0.3625,0.9375,0.6996542585230695,0.3448275862068966,166.19999999999996
1360,11423,0.3625,0.865875,0.9729671123960967,0.0,166.1428571428571
1361,11159,0.125,0.71875,0.62643055053608,0.0,166.1428571428571
1362,10469,0.1125,0.706,0.7761354053728465,0.0,166.1428571428571
1363,22877,0.12499999999999992,0.83690625,0.9819057944825923,0.13793103448275862,166.09999999999997
1364,22877,0.12499999999999992,0.83690625,0.9819057944825923,0.6206896551724137,166.09999999999997
1365,11025,0.125,0.90625,0.62643055053608,0.27586206896551724,166.06666666666663
1366,13492,0.8625,0.70125,0.7658836284784966,0.9655172413793103,166.0377358490566
1367,11221,0.125,0.7631875,0.9796651005902903,1.0,165.99999999999997
1368,11213,0.125,0.82203125,0.9989157932779182,0.3448275862068966,165.89999999999998
1369,11834,0.375,0.79634375,0.9860498735092157,0.0,165.85714285714283
1370,22877,0.12499999999999992,0.83690625,0.9819057944825923,0.3448275862068966,165.79999999999998
1371,23022,0.8625,0.8369375,0.9818817009998795,0.6206896551724137,165.79999999999998
1372,11213,0.125,0.82203125,0.9989157932779182,0.6206896551724137,165.69999999999996
1373,11637,0.3625,0.9375,0.6996542585230695,0.13793103448275862,165.69999999999996
1374,13445,0.8625,0.82203125,0.9989157932779182,0.13793103448275862,165.69999999999996
1375,14184,0.875,0.715625,0.62643055053608,0.3448275862068966,165.68999999999997
1376,14184,0.875,0.715625,0.62643055053608,0.6206896551724137,165.66999999999996
1377,13229,0.625,0.82203125,0.9989157932779182,0.13793103448275862,165.49999999999997
1378,24263,0.6125,0.8275,0.9975906517287073,0.0,165.42857142857142
1379,11429,0.3625,0.82203125,0.9989157932779182,0.13793103448275862,165.39999999999998
1380,23022,0.8625,0.8369375,0.9818817009998795,0.13793103448275862,165.39999999999998
1381,12224,0.375,0.79984375,0.9989157932779182,1.0,165.3333333333333
1382,13501,0.8625,0.715625,0.62643055053608,0.27586206896551724,165.3222222222222
1383,23022,0.8625,0.8369375,0.9818817009998795,0.3448275862068966,165.29999999999998
1384,13442,0.8625,0.844125,0.9902300927599084,1.0,165.2222222222222
1385,13229,0.625,0.82203125,0.9989157932779182,0.3448275862068966,165.19999999999996
1386,13229,0.625,0.82203125,0.9989157932779182,0.6206896551724137,165.19999999999996
1387,11429,0.3625,0.82203125,0.9989157932779182,0.3448275862068966,165.09999999999997
1388,24190,0.3625,0.8275,0.9975906517287073,0.9655172413793103,165.09433962264148
1389,13448,0.8625,0.79984375,0.9989157932779182,0.9655172413793103,165.09433962264148
1390,13653,0.8625,0.9375,0.6996542585230695,0.9655172413793103,165.09433962264148
1391,12493,0.6125,0.715625,0.62643055053608,0.48275862068965514,165.09090909090907
1392,13022,0.625,0.9375,0.6752463558607397,1.0,165.06666666666663
1393,11429,0.3625,0.82203125,0.9989157932779182,0.6206896551724137,164.99999999999997
1394,23656,0.625,0.805625,0.9877002770750511,1.0,164.99999999999997
1395,13445,0.8625,0.82203125,0.9989157932779182,0.3448275862068966,164.89999999999998
1396,24335,0.8625,0.8275,0.9975906517287073,0.27586206896551724,164.88888888888886
1397,24194,0.125,0.8275,0.9975906517287073,0.27586206896551724,164.88888888888886
1398,10419,0.1125,0.8368125,0.9940850499939766,0.0,164.85714285714283
1399,13445,0.8625,0.82203125,0.9989157932779182,0.6206896551724137,164.79999999999998
1400,13223,0.625,0.865875,0.9729671123960967,0.0,164.7142857142857
1401,13492,0.8625,0.70125,0.7658836284784966,0.6206896551724137,164.69999999999996
1402,13762,0.8625,0.7068125000000001,0.7915190940850501,1.0,164.66666666666663
1403,12168,0.375,0.715625,0.62643055053608,0.48275862068965514,164.6363636363636
1404,20916,0.125,0.7618750000000001,0.9661366100469823,0.27586206896551724,164.55555555555551
1405,12632,0.6125,0.90625,0.6545717383447777,0.0,164.54285714285712
1406,13636,0.8625,0.90625,0.7671364895795687,0.6896551724137931,164.4859813084112
1407,12032,0.375,0.90625,0.7671364895795687,0.48275862068965514,164.45454545454544
1408,12628,0.6125,0.90625,0.7671364895795687,0.48275862068965514,164.45454545454544
1409,13507,0.8625,0.71875,0.62643055053608,0.0,164.28571428571428
1410,13036,0.625,0.90625,0.6545717383447777,0.0,164.28571428571428
1411,13185,0.625,0.69659375,0.7551740754126008,0.8275862068965517,164.16666666666663
1412,12177,0.375,0.69659375,0.7551740754126008,0.8275862068965517,164.16666666666663
1413,14194,0.875,0.70125,0.7658836284784966,0.9655172413793103,164.15094339622638
1414,13443,0.8625,0.8368125,0.9940850499939766,0.27586206896551724,163.99999999999997
1415,13493,0.8625,0.706,0.7761354053728465,0.0,163.99999999999997
1416,12874,0.625,0.75,0.9248042404529574,0.0,163.94285714285712
1417,12014,0.375,0.9375,0.6752463558607397,1.0,163.81111111111107
1418,13453,0.8625,0.7631875,0.9796651005902903,0.27586206896551724,163.77777777777774
1419,13041,0.625,0.90625,0.62643055053608,1.0,163.76666666666662
1420,11171,0.125,0.706,0.7761354053728465,0.0,163.7142857142857
1421,10629,0.1125,0.9375,0.6996542585230695,0.48275862068965514,163.6363636363636
1422,11624,0.3625,0.90625,0.6545717383447777,0.0,163.57142857142856
1423,21077,0.8625,0.7618750000000001,0.9661366100469823,0.27586206896551724,163.55555555555551
1424,14309,0.875,0.85690625,0.96883508011083,0.6896551724137931,163.55140186915884
1425,12168,0.375,0.715625,0.62643055053608,0.6896551724137931,163.55140186915884
1426,14048,0.875,0.90625,0.7671364895795687,0.6896551724137931,163.55140186915884
1427,13629,0.8625,0.903125,0.655524635586074,0.48275862068965514,163.45454545454544
1428,14235,0.875,0.8368125,0.9940850499939766,0.0,163.42857142857142
1429,24263,0.6125,0.8275,0.9975906517287073,0.8275862068965517,163.33333333333331
1430,12483,0.6125,0.69659375,0.7551740754126008,0.8275862068965517,163.33333333333331
1431,11486,0.3625,0.71875,0.7718949524153716,1.0,163.33333333333331
1432,14189,0.875,0.715625,0.6545717383447777,0.27586206896551724,163.33333333333331
1433,13443,0.8625,0.8368125,0.9940850499939766,0.9655172413793103,163.2075471698113
1434,10478,0.1125,0.71875,0.7718949524153716,0.0,163.2
1435,12028,0.375,0.90625,0.6545717383447777,0.0,163.18571428571425
1436,11160,0.125,0.715625,0.62643055053608,0.27586206896551724,163.02222222222218
1437,13040,0.625,0.90625,0.7671364895795687,0.48275862068965514,162.7272727272727
1438,11221,0.125,0.7631875,0.9796651005902903,0.27586206896551724,162.66666666666663
1439,12846,0.625,0.78125,0.9501746777496686,0.0,162.6285714285714
1440,10605,0.1125,0.903125,0.655524635586074,0.6896551724137931,162.6168224299065
1441,12493,0.6125,0.715625,0.62643055053608,0.6896551724137931,162.6168224299065
1442,11475,0.3625,0.69659375,0.7551740754126008,0.8275862068965517,162.49999999999997
1443,11007,0.125,0.9375,0.6996542585230695,0.13793103448275862,162.49999999999997
1444,12224,0.375,0.79984375,0.9989157932779182,0.27586206896551724,162.4444444444444
1445,13444,0.8625,0.8294374999999998,0.9969883146608842,0.9655172413793103,162.35849056603772
1446,14189,0.875,0.715625,0.6545717383447777,1.0,162.33333333333331
1447,11485,0.3625,0.715625,0.62643055053608,0.48275862068965514,162.09090909090907
1448,11485,0.3625,0.715625,0.62643055053608,0.13793103448275862,162.03999999999996
1449,11165,0.125,0.715625,0.6545717383447777,1.0,161.99999999999997
1450,13641,0.8625,0.90625,0.62643055053608,0.27586206896551724,161.9333333333333
1451,11620,0.3625,0.90625,0.7671364895795687,0.48275862068965514,161.90909090909088
1452,12440,0.6125,0.79984375,0.9989157932779182,0.27586206896551724,161.88888888888886
1453,13442,0.8625,0.844125,0.9902300927599084,0.27586206896551724,161.77777777777774
1454,14194,0.875,0.70125,0.7658836284784966,0.6206896551724137,161.69999999999996
1455,11485,0.3625,0.715625,0.62643055053608,0.6896551724137931,161.68224299065417
1456,10612,0.1125,0.90625,0.7671364895795687,0.6896551724137931,161.68224299065417
1457,12440,0.6125,0.79984375,0.9989157932779182,1.0,161.55555555555551
1458,13174,0.625,0.71875,0.7718949524153716,1.0,161.55555555555551
1459,11211,0.125,0.8368125,0.9940850499939766,1.0,161.55555555555551
1460,14031,0.875,0.9375,0.6996542585230695,0.48275862068965514,161.54545454545453
1461,11211,0.125,0.8368125,0.9940850499939766,0.27586206896551724,161.4444444444444
1462,14105,0.875,0.82659375,0.8773762197325623,0.9655172413793103,161.3207547169811
1463,24333,0.625,0.8275,0.9975906517287073,0.9655172413793103,161.3207547169811
1464,11207,0.125,0.865875,0.9729671123960967,0.9655172413793103,161.3207547169811
1465,11617,0.3625,0.903125,0.7718949524153716,0.0,161.2142857142857
1466,13174,0.625,0.71875,0.7718949524153716,0.27586206896551724,161.1111111111111
1467,10557,0.1125,0.82659375,0.8773762197325623,0.6206896551724137,161.08999999999997
1468,10477,0.1125,0.715625,0.62643055053608,0.48275862068965514,160.99999999999997
1469,13047,0.625,0.903125,0.655524635586074,0.48275862068965514,160.99999999999997
1470,13377,0.8625,0.8634375000000001,0.9629442235875195,0.0,160.85714285714283
1471,12179,0.375,0.706,0.7761354053728465,0.0,160.85714285714283
1472,11169,0.125,0.69659375,0.7551740754126008,0.8275862068965517,160.83333333333331
1473,11486,0.3625,0.71875,0.7718949524153716,0.27586206896551724,160.77777777777774
1474,11007,0.125,0.9375,0.6996542585230695,0.48275862068965514,160.7272727272727
1475,11613,0.3625,0.903125,0.655524635586074,0.48275862068965514,160.6363636363636
1476,10630,0.1125,0.9375,0.6752463558607397,0.0,160.57142857142856
1477,12166,0.375,0.71875,0.7718949524153716,1.0,160.55555555555551
1478,13176,0.625,0.715625,0.62643055053608,0.48275862068965514,160.54545454545453
1479,10557,0.1125,0.82659375,0.8773762197325623,0.3448275862068966,160.45999999999998
1480,12621,0.6125,0.903125,0.655524635586074,0.48275862068965514,160.45454545454544
1481,14236,0.875,0.8294374999999998,0.9969883146608842,1.0,160.4444444444444
1482,13043,0.625,0.903125,0.7718949524153716,0.0,160.44285714285712
1483,10557,0.1125,0.82659375,0.8773762197325623,0.9655172413793103,160.37735849056602
1484,11212,0.125,0.8294374999999998,0.9969883146608842,0.9655172413793103,160.37735849056602
1485,13654,0.8625,0.9375,0.6752463558607397,0.9655172413793103,160.37735849056602
1486,11031,0.125,0.903125,0.655524635586074,0.48275862068965514,160.36363636363635
1487,12485,0.6125,0.706,0.7761354053728465,0.0,160.28571428571428
1488,11427,0.3625,0.8368125,0.9940850499939766,1.0,160.2222222222222
1489,12090,0.375,0.833625,0.8749909649439825,0.0,160.1428571428571
1490,13226,0.625,0.844125,0.9902300927599084,1.0,160.1111111111111
1491,22373,0.8625,0.7837500000000001,0.9813155041561258,1.0,160.1111111111111
1492,12039,0.375,0.903125,0.655524635586074,0.48275862068965514,160.09090909090907
1493,12639,0.6125,0.929875,0.7440320443320082,0.0,160.07142857142856
1494,10420,0.1125,0.8294374999999998,0.9969883146608842,0.9655172413793103,159.90566037735846
1495,13492,0.8625,0.70125,0.7658836284784966,0.3448275862068966,159.89999999999998
1496,13227,0.625,0.8368125,0.9940850499939766,1.0,159.88888888888886
1497,12306,0.375,0.82128125,0.9870015660763762,0.27586206896551724,159.88888888888886
1498,10420,0.1125,0.8294374999999998,0.9969883146608842,1.0,159.88888888888886
1499,13501,0.8625,0.715625,0.62643055053608,0.13793103448275862,159.87999999999997
1500,13035,0.625,0.929875,0.7440320443320082,0.0,159.87142857142854
1501,14182,0.875,0.71875,0.7718949524153716,0.0,159.8285714285714
1502,11814,0.3625,0.78125,0.9501746777496686,0.0,159.8142857142857
1503,11024,0.125,0.90625,0.7671364895795687,0.6896551724137931,159.8130841121495
1504,10629,0.1125,0.9375,0.6996542585230695,0.6896551724137931,159.8130841121495
1505,11820,0.3625,0.79634375,0.9860498735092157,1.0,159.77777777777774
1506,12353,0.6125,0.82128125,0.9870015660763762,1.0,159.77777777777774
1507,10556,0.1125,0.8195625,0.8788820624021202,0.27586206896551724,159.76666666666662
1508,11165,0.125,0.715625,0.6545717383447777,0.27586206896551724,159.75555555555553
1509,13187,0.625,0.706,0.7761354053728465,0.0,159.7142857142857
1510,11298,0.125,0.82128125,0.9870015660763762,1.0,159.66666666666663
1511,11477,0.3625,0.706,0.7761354053728465,0.0,159.57142857142856
1512,12353,0.6125,0.82128125,0.9870015660763762,0.27586206896551724,159.55555555555551
1513,11210,0.125,0.844125,0.9902300927599084,1.0,159.55555555555551
1514,13495,0.8625,0.715625,0.6545717383447777,0.27586206896551724,159.46666666666664
1515,12306,0.375,0.82128125,0.9870015660763762,1.0,159.4444444444444
1516,22877,0.12499999999999992,0.83690625,0.9819057944825923,0.9655172413793103,159.43396226415092
1517,14241,0.875,0.7924375,0.9969883146608842,0.9655172413793103,159.43396226415092
1518,11286,0.125,0.8634375000000001,0.9629442235875195,0.0,159.42857142857142
1519,13453,0.8625,0.7631875,0.9796651005902903,0.9655172413793103,159.3396226415094
1520,13495,0.8625,0.715625,0.6545717383447777,1.0,159.33333333333331
1521,13921,0.875,0.7068125000000001,0.7915190940850501,0.27586206896551724,159.33333333333331
1522,22864,0.3625,0.8369375,0.9818817009998795,1.0,159.1111111111111
1523,23669,0.8625,0.805625,0.9877002770750511,1.0,158.88888888888886
1524,10477,0.1125,0.715625,0.62643055053608,0.6896551724137931,158.87850467289718
1525,14184,0.875,0.715625,0.62643055053608,0.48275862068965514,158.81818181818178
1526,13492,0.8625,0.70125,0.7658836284784966,0.13793103448275862,158.79999999999998
1527,13227,0.625,0.8368125,0.9940850499939766,0.9655172413793103,158.49056603773582
1528,11638,0.3625,0.9375,0.6752463558607397,0.9655172413793103,158.49056603773582
1529,14236,0.875,0.8294374999999998,0.9969883146608842,0.9655172413793103,158.49056603773582
1530,22373,0.8625,0.7837500000000001,0.9813155041561258,0.9655172413793103,158.49056603773582
1531,20916,0.125,0.7618750000000001,0.9661366100469823,1.0,158.4444444444444
1532,12625,0.6125,0.903125,0.7718949524153716,0.0,158.39999999999998
1533,11158,0.125,0.71875,0.7718949524153716,1.0,158.33333333333331
1534,12572,0.6125,0.8195625,0.8788820624021202,0.27586206896551724,158.3222222222222
1535,11631,0.3625,0.929875,0.7440320443320082,0.0,158.3142857142857
1536,23512,0.125,0.805625,0.9877002770750511,0.27586206896551724,158.2222222222222
1537,14105,0.875,0.82659375,0.8773762197325623,0.3448275862068966,158.21999999999997
1538,13653,0.8625,0.9375,0.6996542585230695,0.48275862068965514,158.18181818181816
1539,22360,0.625,0.7837500000000001,0.9813155041561258,0.27586206896551724,158.1111111111111
1540,11638,0.3625,0.9375,0.6752463558607397,0.6206896551724137,157.99999999999997
1541,14194,0.875,0.70125,0.7658836284784966,0.3448275862068966,157.99999999999997
1542,11426,0.3625,0.844125,0.9902300927599084,1.0,157.99999999999997
1543,22216,0.12499999999999996,0.7837500000000001,0.9813155041561258,0.27586206896551724,157.99999999999997
1544,12437,0.6125,0.82203125,0.9989157932779182,0.6896551724137931,157.94392523364482
1545,13176,0.625,0.715625,0.62643055053608,0.6896551724137931,157.94392523364482
1546,13445,0.8625,0.82203125,0.9989157932779182,0.6896551724137931,157.94392523364482
1547,14184,0.875,0.715625,0.62643055053608,0.6896551724137931,157.94392523364482
1548,12628,0.6125,0.90625,0.7671364895795687,0.6896551724137931,157.94392523364482
1549,11213,0.125,0.82203125,0.9989157932779182,0.6896551724137931,157.94392523364482
1550,13226,0.625,0.844125,0.9902300927599084,0.27586206896551724,157.88888888888886
1551,23669,0.8625,0.805625,0.9877002770750511,0.27586206896551724,157.88888888888886
1552,12014,0.375,0.9375,0.6752463558607397,0.27586206896551724,157.79999999999995
1553,22216,0.12499999999999996,0.7837500000000001,0.9813155041561258,1.0,157.77777777777774
1554,12035,0.375,0.903125,0.7718949524153716,0.0,157.75714285714284
1555,12166,0.375,0.71875,0.7718949524153716,0.27586206896551724,157.66666666666663
1556,22360,0.625,0.7837500000000001,0.9813155041561258,1.0,157.66666666666663
1557,11565,0.3625,0.82659375,0.8773762197325623,1.0,157.64444444444442
1558,11786,0.3625,0.75,0.9248042404529574,0.0,157.6428571428571
1559,23008,0.625,0.849375,0.9746536561860017,0.0,157.57142857142856
1560,12220,0.375,0.8294374999999998,0.9969883146608842,0.9655172413793103,157.5471698113207
1561,12436,0.6125,0.8294374999999998,0.9969883146608842,0.9655172413793103,157.5471698113207
1562,13449,0.8625,0.7924375,0.9969883146608842,0.9655172413793103,157.5471698113207
1563,12633,0.6125,0.90625,0.62643055053608,0.9655172413793103,157.5471698113207
1564,11211,0.125,0.8368125,0.9940850499939766,0.9655172413793103,157.5471698113207
1565,10467,0.1125,0.69659375,0.7551740754126008,0.8275862068965517,157.49999999999997
1566,14105,0.875,0.82659375,0.8773762197325623,0.6206896551724137,157.44999999999996
1567,11158,0.125,0.71875,0.7718949524153716,0.27586206896551724,157.33333333333331
1568,12494,0.6125,0.71875,0.7718949524153716,0.27586206896551724,157.33333333333331
1569,13480,0.8625,0.684375,0.6508384531984098,0.0,157.3142857142857
1570,14194,0.875,0.70125,0.7658836284784966,0.13793103448275862,157.29999999999998
1571,11020,0.125,0.90625,0.6545717383447777,0.0,157.25714285714284
1572,14236,0.875,0.8294374999999998,0.9969883146608842,0.27586206896551724,157.2222222222222
1573,11426,0.3625,0.844125,0.9902300927599084,0.27586206896551724,157.2222222222222
1574,12573,0.6125,0.82659375,0.8773762197325623,0.6206896551724137,157.21999999999997
1575,12089,0.375,0.82659375,0.8773762197325623,0.6206896551724137,157.12999999999997
1576,13629,0.8625,0.903125,0.655524635586074,0.6896551724137931,157.0093457943925
1577,23016,0.625,0.83690625,0.9819057944825923,1.0,156.99999999999997
1578,14049,0.875,0.90625,0.62643055053608,0.27586206896551724,156.99999999999997
1579,22373,0.8625,0.7837500000000001,0.9813155041561258,0.27586206896551724,156.99999999999997
1580,11212,0.125,0.8294374999999998,0.9969883146608842,0.0,156.99999999999997
1581,12573,0.6125,0.82659375,0.8773762197325623,0.3448275862068966,156.78999999999996
1582,13227,0.625,0.8368125,0.9940850499939766,0.27586206896551724,156.77777777777774
1583,11427,0.3625,0.8368125,0.9940850499939766,0.27586206896551724,156.77777777777774
1584,12494,0.6125,0.71875,0.7718949524153716,1.0,156.77777777777774
1585,13485,0.8625,0.6875,0.7059462715335502,0.8275862068965517,156.66666666666663
1586,14055,0.875,0.903125,0.655524635586074,0.8275862068965517,156.66666666666663
1587,23669,0.8625,0.805625,0.9877002770750511,0.9655172413793103,156.60377358490564
1588,23022,0.8625,0.8369375,0.9818817009998795,0.9655172413793103,156.60377358490564
1589,12089,0.375,0.82659375,0.8773762197325623,0.9655172413793103,156.60377358490564
1590,11638,0.3625,0.9375,0.6752463558607397,0.3448275862068966,156.59999999999997
1591,11170,0.125,0.70125,0.7658836284784966,0.3448275862068966,156.59999999999997
1592,12573,0.6125,0.82659375,0.8773762197325623,0.13793103448275862,156.58999999999997
1593,12089,0.375,0.82659375,0.8773762197325623,0.3448275862068966,156.57999999999998
1594,22864,0.3625,0.8369375,0.9818817009998795,0.27586206896551724,156.55555555555551
1595,10738,0.1125,0.7068125000000001,0.7915190940850501,0.27586206896551724,156.55555555555551
1596,13501,0.8625,0.715625,0.62643055053608,0.48275862068965514,156.45454545454544
1597,12015,0.375,0.9375,0.6996542585230695,0.48275862068965514,156.45454545454544
1598,23670,0.8625,0.7931874999999999,0.9851343211661244,1.0,156.4444444444444
1599,23016,0.625,0.83690625,0.9819057944825923,0.27586206896551724,156.4444444444444
1600,13123,0.625,0.8023125,0.8788820624021202,0.0,156.39999999999998
1601,13023,0.625,0.9375,0.6996542585230695,0.48275862068965514,156.27272727272725
1602,10557,0.1125,0.82659375,0.8773762197325623,0.13793103448275862,156.20999999999998
1603,10468,0.1125,0.70125,0.7658836284784966,0.3448275862068966,156.19999999999996
1604,10623,0.1125,0.929875,0.7440320443320082,0.0,156.1428571428571
1605,13502,0.8625,0.71875,0.7718949524153716,0.27586206896551724,156.1111111111111
1606,12032,0.375,0.90625,0.7671364895795687,0.6896551724137931,156.07476635514016
1607,12221,0.375,0.82203125,0.9989157932779182,0.6896551724137931,156.07476635514016
1608,13040,0.625,0.90625,0.7671364895795687,0.6896551724137931,156.07476635514016
1609,22238,0.3625,0.7837500000000001,0.9813155041561258,0.27586206896551724,155.99999999999997
1610,12230,0.375,0.756,0.9729671123960967,0.0,155.99999999999997
1611,11625,0.3625,0.90625,0.62643055053608,0.9655172413793103,155.94339622641508
1612,12178,0.375,0.70125,0.7658836284784966,0.13793103448275862,155.89999999999998
1613,10420,0.1125,0.8294374999999998,0.9969883146608842,0.27586206896551724,155.88888888888886
1614,13640,0.8625,0.90625,0.6545717383447777,0.0,155.8142857142857
1615,12446,0.6125,0.756,0.9729671123960967,0.0,155.7142857142857
1616,23670,0.8625,0.7931874999999999,0.9851343211661244,0.27586206896551724,155.66666666666663
1617,13232,0.625,0.79984375,0.9989157932779182,0.9655172413793103,155.66037735849054
1618,11432,0.3625,0.79984375,0.9989157932779182,0.9655172413793103,155.66037735849054
1619,24194,0.125,0.8275,0.9975906517287073,0.9655172413793103,155.66037735849054
1620,11216,0.125,0.79984375,0.9989157932779182,0.9655172413793103,155.66037735849054
1621,12573,0.6125,0.82659375,0.8773762197325623,0.9655172413793103,155.66037735849054
1622,11160,0.125,0.715625,0.62643055053608,0.48275862068965514,155.6363636363636
1623,10617,0.1125,0.90625,0.62643055053608,1.0,155.49999999999997
1624,12033,0.375,0.90625,0.62643055053608,0.9655172413793103,155.4716981132075
1625,12089,0.375,0.82659375,0.8773762197325623,0.13793103448275862,155.45999999999998
1626,11159,0.125,0.71875,0.62643055053608,1.0,155.4444444444444
1627,13762,0.8625,0.7068125000000001,0.7915190940850501,0.27586206896551724,155.4444444444444
1628,11432,0.3625,0.79984375,0.9989157932779182,0.3448275862068966,155.39999999999998
1629,11217,0.125,0.7924375,0.9969883146608842,0.9655172413793103,155.37735849056602
1630,12645,0.6125,0.9375,0.6996542585230695,0.48275862068965514,155.36363636363635
1631,13653,0.8625,0.9375,0.6996542585230695,0.27586206896551724,155.33333333333331
1632,11432,0.3625,0.79984375,0.9989157932779182,0.13793103448275862,155.29999999999998
1633,12487,0.6125,0.715625,0.6545717383447777,0.3448275862068966,155.29999999999998
1634,14237,0.875,0.82203125,0.9989157932779182,0.0,155.28571428571428
1635,14043,0.875,0.929875,0.7440320443320082,0.0,155.28571428571428
1636,23656,0.625,0.805625,0.9877002770750511,0.9655172413793103,155.2830188679245
1637,13232,0.625,0.79984375,0.9989157932779182,0.3448275862068966,155.19999999999996
1638,12646,0.6125,0.9375,0.6752463558607397,0.6206896551724137,155.19999999999996
1639,22872,0.3625,0.849375,0.9746536561860017,0.0,155.1428571428571
1640,11007,0.125,0.9375,0.6996542585230695,0.6896551724137931,155.14018691588782
1641,13501,0.8625,0.715625,0.62643055053608,0.6896551724137931,155.14018691588782
1642,13047,0.625,0.903125,0.655524635586074,0.6896551724137931,155.14018691588782
1643,10738,0.1125,0.7068125000000001,0.7915190940850501,1.0,155.1111111111111
1644,11905,0.375,0.7068125000000001,0.7915190940850501,0.27586206896551724,155.1111111111111
1645,13232,0.625,0.79984375,0.9989157932779182,0.13793103448275862,155.09999999999997
1646,11432,0.3625,0.79984375,0.9989157932779182,0.6206896551724137,155.09999999999997
1647,11170,0.125,0.70125,0.7658836284784966,0.13793103448275862,155.09999999999997
1648,10629,0.1125,0.9375,0.6996542585230695,0.8275862068965517,154.99999999999997
1649,12646,0.6125,0.9375,0.6752463558607397,0.13793103448275862,154.99999999999997
1650,13502,0.8625,0.71875,0.7718949524153716,1.0,154.99999999999997
1651,22387,0.8625,0.7713125,0.9860619202505723,0.9655172413793103,154.90566037735846
1652,12842,0.625,0.79634375,0.9860498735092157,1.0,154.88888888888886
1653,12754,0.6125,0.7068125000000001,0.7915190940850501,0.27586206896551724,154.88888888888886
1654,11541,0.3625,0.8023125,0.8788820624021202,0.0,154.88571428571427
1655,13806,0.8625,0.7584375,0.9629442235875195,1.0,154.77777777777774
1656,11428,0.3625,0.8294374999999998,0.9969883146608842,0.9655172413793103,154.71698113207543
1657,11427,0.3625,0.8368125,0.9940850499939766,0.9655172413793103,154.71698113207543
1658,10425,0.1125,0.7924375,0.9969883146608842,0.9655172413793103,154.71698113207543
1659,11286,0.125,0.8634375000000001,0.9629442235875195,0.9655172413793103,154.71698113207543
1660,12014,0.375,0.9375,0.6752463558607397,0.9655172413793103,154.71698113207543
1661,13444,0.8625,0.8294374999999998,0.9969883146608842,0.0,154.7142857142857
1662,10415,0.1125,0.865875,0.9729671123960967,0.0,154.7142857142857
1663,13232,0.625,0.79984375,0.9989157932779182,0.6206896551724137,154.69999999999996
1664,12173,0.375,0.715625,0.6545717383447777,0.3448275862068966,154.69999999999996
1665,12484,0.6125,0.70125,0.7658836284784966,0.3448275862068966,154.69999999999996
1666,13186,0.625,0.70125,0.7658836284784966,0.13793103448275862,154.59999999999997
1667,12178,0.375,0.70125,0.7658836284784966,0.3448275862068966,154.59999999999997
1668,13390,0.8625,0.8883125,0.9325864353692326,0.0,154.57142857142856
1669,10421,0.1125,0.82203125,0.9989157932779182,0.0,154.57142857142856
1670,14195,0.875,0.706,0.7761354053728465,1.0,154.55555555555551
1671,22238,0.3625,0.7837500000000001,0.9813155041561258,1.0,154.55555555555551
1672,23520,0.12499999999999992,0.79315625,0.9851222744247681,0.27586206896551724,154.4444444444444
1673,12087,0.375,0.8195625,0.8788820624021202,0.27586206896551724,154.4333333333333
1674,22248,0.3625,0.7837500000000001,0.9934586194434405,0.0,154.42857142857142
1675,12754,0.6125,0.7068125000000001,0.7915190940850501,1.0,154.33333333333331
1676,13097,0.625,0.82659375,0.8773762197325623,1.0,154.3144444444444
1677,12484,0.6125,0.70125,0.7658836284784966,0.13793103448275862,154.29999999999998
1678,14234,0.875,0.844125,0.9902300927599084,0.0,154.28571428571428
1679,13034,0.625,0.9252812499999999,0.7551740754126008,1.0,154.26666666666662
1680,12913,0.625,0.7068125000000001,0.7915190940850501,0.27586206896551724,154.2222222222222
1681,13361,0.8625,0.82128125,0.9870015660763762,1.0,154.2222222222222
1682,14308,0.875,0.8503437500000001,0.9739549451873267,0.6896551724137931,154.2056074766355
1683,10352,0.1125,0.85690625,0.96883508011083,0.6896551724137931,154.2056074766355
1684,14309,0.875,0.85690625,0.96883508011083,0.8275862068965517,154.16666666666666
1685,14106,0.875,0.833625,0.8749909649439825,0.0,154.1142857142857
1686,11746,0.3625,0.7068125000000001,0.7915190940850501,0.27586206896551724,154.1111111111111
1687,13186,0.625,0.70125,0.7658836284784966,0.3448275862068966,154.09999999999997
1688,12574,0.6125,0.833625,0.8749909649439825,0.0,154.0285714285714
1689,14049,0.875,0.90625,0.62643055053608,1.0,153.9333333333333
1690,12646,0.6125,0.9375,0.6752463558607397,0.3448275862068966,153.89999999999998
1691,10418,0.1125,0.844125,0.9902300927599084,0.0,153.85714285714283
1692,11476,0.3625,0.70125,0.7658836284784966,0.3448275862068966,153.79999999999998
1693,11820,0.3625,0.79634375,0.9860498735092157,0.27586206896551724,153.77777777777774
1694,12913,0.625,0.7068125000000001,0.7915190940850501,1.0,153.77777777777774
1695,13233,0.625,0.7924375,0.9969883146608842,0.9655172413793103,153.77358490566036
1696,13442,0.8625,0.844125,0.9902300927599084,0.9655172413793103,153.77358490566036
1697,13041,0.625,0.90625,0.62643055053608,0.9655172413793103,153.77358490566036
1698,13022,0.625,0.9375,0.6752463558607397,0.6206896551724137,153.69999999999996
1699,11638,0.3625,0.9375,0.6752463558607397,0.13793103448275862,153.59999999999997
1700,13647,0.8625,0.929875,0.7440320443320082,0.0,153.45714285714283
1701,11159,0.125,0.71875,0.62643055053608,0.27586206896551724,153.4444444444444
1702,14231,0.875,0.865875,0.9729671123960967,0.0,153.42857142857142
1703,13636,0.8625,0.90625,0.7671364895795687,0.8275862068965517,153.33333333333331
1704,13641,0.8625,0.90625,0.62643055053608,0.9655172413793103,153.3018867924528
1705,11170,0.125,0.70125,0.7658836284784966,0.6206896551724137,153.29999999999998
1706,13022,0.625,0.9375,0.6752463558607397,0.13793103448275862,153.29999999999998
1707,12167,0.375,0.71875,0.62643055053608,0.0,153.28571428571428
1708,23617,0.6125,0.7931874999999999,0.9972292494880134,0.0,153.28571428571428
1709,11620,0.3625,0.90625,0.7671364895795687,0.6896551724137931,153.27102803738316
1710,11031,0.125,0.903125,0.655524635586074,0.6896551724137931,153.27102803738316
1711,11160,0.125,0.715625,0.62643055053608,0.6896551724137931,153.27102803738316
1712,14031,0.875,0.9375,0.6996542585230695,0.6896551724137931,153.27102803738316
1713,12039,0.375,0.903125,0.655524635586074,0.6896551724137931,153.27102803738316
1714,11637,0.3625,0.9375,0.6996542585230695,0.48275862068965514,153.18181818181816
1715,12638,0.6125,0.9252812499999999,0.7551740754126008,0.27586206896551724,153.14444444444442
1716,11476,0.3625,0.70125,0.7658836284784966,0.13793103448275862,153.09999999999997
1717,10468,0.1125,0.70125,0.7658836284784966,0.6206896551724137,153.09999999999997
1718,23512,0.125,0.805625,0.9877002770750511,1.0,152.99999999999997
1719,13022,0.625,0.9375,0.6752463558607397,0.3448275862068966,152.89999999999998
1720,24190,0.3625,0.8275,0.9975906517287073,0.0,152.85714285714283
1721,12173,0.375,0.715625,0.6545717383447777,0.9655172413793103,152.83018867924525
1722,12842,0.625,0.79634375,0.9860498735092157,0.27586206896551724,152.77777777777774
1723,10897,0.125,0.7068125000000001,0.7915190940850501,0.27586206896551724,152.77777777777774
1724,12173,0.375,0.715625,0.6545717383447777,0.6206896551724137,152.69999999999996
1725,12633,0.6125,0.90625,0.62643055053608,0.6206896551724137,152.69999999999996
1726,12487,0.6125,0.715625,0.6545717383447777,0.6206896551724137,152.69999999999996
1727,14309,0.875,0.85690625,0.96883508011083,1.0,152.66666666666663
1728,11025,0.125,0.90625,0.62643055053608,0.6206896551724137,152.59999999999997
1729,10468,0.1125,0.70125,0.7658836284784966,0.13793103448275862,152.59999999999997
1730,12638,0.6125,0.9252812499999999,0.7551740754126008,1.0,152.52222222222218
1731,12472,0.6125,0.684375,0.6508384531984098,0.13793103448275862,152.50999999999996
1732,14048,0.875,0.90625,0.7671364895795687,0.8275862068965517,152.49999999999997
1733,13229,0.625,0.82203125,0.9989157932779182,0.6896551724137931,152.33644859813083
1734,12621,0.6125,0.903125,0.655524635586074,0.6896551724137931,152.33644859813083
1735,13042,0.625,0.903125,0.62643055053608,1.0,152.30666666666664
1736,22390,0.625,0.7837500000000001,0.9934586194434405,0.0,152.28571428571428
1737,10558,0.1125,0.833625,0.8749909649439825,0.0,152.27142857142854
1738,13034,0.625,0.9252812499999999,0.7551740754126008,0.27586206896551724,152.26666666666662
1739,11079,0.125,0.8195625,0.8788820624021202,0.0,152.25714285714284
1740,11746,0.3625,0.7068125000000001,0.7915190940850501,1.0,152.2222222222222
1741,12033,0.375,0.90625,0.62643055053608,0.6206896551724137,152.19999999999996
1742,14103,0.875,0.8195625,0.8788820624021202,0.9655172413793103,152.1698113207547
1743,11905,0.375,0.7068125000000001,0.7915190940850501,1.0,152.1111111111111
1744,13493,0.8625,0.706,0.7761354053728465,1.0,152.1111111111111
1745,10478,0.1125,0.71875,0.7718949524153716,1.0,152.1111111111111
1746,11479,0.3625,0.715625,0.6545717383447777,0.3448275862068966,152.09999999999997
1747,23664,0.625,0.79315625,0.9851222744247681,1.0,151.99999999999997
1748,14165,0.875,0.746875,0.62643055053608,0.0,151.99999999999997
1749,20938,0.3625,0.7618750000000001,0.9661366100469823,0.0,151.99999999999997
1750,21064,0.625,0.7618750000000001,0.9661366100469823,0.0,151.99999999999997
1751,11019,0.125,0.929875,0.7440320443320082,0.0,151.91428571428568
1752,12646,0.6125,0.9375,0.6752463558607397,0.9655172413793103,151.88679245283015
1753,12484,0.6125,0.70125,0.7658836284784966,0.9655172413793103,151.88679245283015
1754,11625,0.3625,0.90625,0.62643055053608,0.6206896551724137,151.79999999999998
1755,10617,0.1125,0.90625,0.62643055053608,0.27586206896551724,151.77777777777774
1756,13023,0.625,0.9375,0.6996542585230695,0.6896551724137931,151.77570093457942
1757,12027,0.375,0.929875,0.7440320443320082,0.0,151.7142857142857
1758,11007,0.125,0.9375,0.6996542585230695,0.8275862068965517,151.66666666666666
1759,14199,0.875,0.6875,0.7059462715335502,0.8275862068965517,151.66666666666666
1760,13023,0.625,0.9375,0.6996542585230695,0.8275862068965517,151.66666666666666
1761,13238,0.625,0.756,0.9729671123960967,1.0,151.66666666666663
1762,13507,0.8625,0.71875,0.62643055053608,0.27586206896551724,151.66666666666663
1763,14103,0.875,0.8195625,0.8788820624021202,0.27586206896551724,151.6333333333333
1764,12484,0.6125,0.70125,0.7658836284784966,0.6206896551724137,151.59999999999997
1765,24165,0.12500000000000003,0.8275,0.9855077701481749,0.0,151.57142857142856
1766,12149,0.375,0.746875,0.62643055053608,0.0,151.47142857142856
1767,13454,0.8625,0.756,0.9729671123960967,1.0,151.4444444444444
1768,10496,0.1125,0.746875,0.62643055053608,0.0,151.42857142857142
1769,11025,0.125,0.90625,0.62643055053608,0.9655172413793103,151.4150943396226
1770,11613,0.3625,0.903125,0.655524635586074,0.6896551724137931,151.40186915887847
1771,13492,0.8625,0.70125,0.7658836284784966,0.6896551724137931,151.40186915887847
1772,12015,0.375,0.9375,0.6996542585230695,0.6896551724137931,151.40186915887847
1773,12512,0.6125,0.746875,0.62643055053608,0.0,151.34285714285713
1774,12178,0.375,0.70125,0.7658836284784966,0.6206896551724137,151.29999999999998
1775,13557,0.8625,0.8023125,0.8788820624021202,0.0,151.1428571428571
1776,11565,0.3625,0.82659375,0.8773762197325623,0.27586206896551724,151.12888888888887
1777,13041,0.625,0.90625,0.62643055053608,0.6206896551724137,150.99999999999997
1778,14309,0.875,0.85690625,0.96883508011083,0.27586206896551724,150.99999999999997
1779,13507,0.8625,0.71875,0.62643055053608,1.0,150.99999999999997
1780,11222,0.125,0.756,0.9729671123960967,0.27586206896551724,150.99999999999997
1781,22936,0.375,0.849375,0.9746536561860017,0.9655172413793103,150.94339622641508
1782,13186,0.625,0.70125,0.7658836284784966,0.9655172413793103,150.94339622641508
1783,22238,0.3625,0.7837500000000001,0.9813155041561258,0.9655172413793103,150.94339622641508
1784,12367,0.6125,0.8503437500000001,0.9739549451873267,0.9655172413793103,150.94339622641508
1785,11221,0.125,0.7631875,0.9796651005902903,0.9655172413793103,150.94339622641508
1786,12033,0.375,0.90625,0.62643055053608,0.13793103448275862,150.89999999999998
1787,13181,0.625,0.715625,0.6545717383447777,0.3448275862068966,150.89999999999998
1788,23520,0.12499999999999992,0.79315625,0.9851222744247681,1.0,150.88888888888886
1789,14310,0.875,0.8634375000000001,0.9629442235875195,0.0,150.85714285714283
1790,12435,0.6125,0.8368125,0.9940850499939766,0.0,150.85714285714283
1791,14044,0.875,0.90625,0.6545717383447777,0.0,150.85714285714283
1792,14031,0.875,0.9375,0.6996542585230695,0.8275862068965517,150.83333333333331
1793,12221,0.375,0.82203125,0.9989157932779182,0.48275862068965514,150.81818181818178
1794,13186,0.625,0.70125,0.7658836284784966,0.6206896551724137,150.79999999999998
1795,11479,0.3625,0.715625,0.6545717383447777,0.6206896551724137,150.79999999999998
1796,10471,0.1125,0.715625,0.6545717383447777,0.13793103448275862,150.79999999999998
1797,13314,0.625,0.82128125,0.9870015660763762,1.0,150.66666666666663
1798,10471,0.1125,0.715625,0.6545717383447777,0.3448275862068966,150.60999999999999
1799,13641,0.8625,0.90625,0.62643055053608,0.6206896551724137,150.59999999999997
1800,22936,0.375,0.849375,0.9746536561860017,0.0,150.57142857142856
1801,13361,0.8625,0.82128125,0.9870015660763762,0.27586206896551724,150.55555555555551
1802,23535,0.3625,0.7931874999999999,0.9851343211661244,1.0,150.55555555555551
1803,13654,0.8625,0.9375,0.6752463558607397,0.0,150.54285714285712
1804,11637,0.3625,0.9375,0.6996542585230695,0.6896551724137931,150.46728971962614
1805,14194,0.875,0.70125,0.7658836284784966,0.6896551724137931,150.46728971962614
1806,10351,0.1125,0.8503437500000001,0.9739549451873267,0.6896551724137931,150.46728971962614
1807,14105,0.875,0.82659375,0.8773762197325623,0.13793103448275862,150.45999999999998
1808,12437,0.6125,0.82203125,0.9989157932779182,0.48275862068965514,150.45454545454544
1809,11834,0.375,0.79634375,0.9860498735092157,1.0,150.4444444444444
1810,10329,0.1125,0.83165625,0.8878448379713287,0.0,150.44285714285712
1811,11025,0.125,0.90625,0.62643055053608,0.3448275862068966,150.39999999999998
1812,11476,0.3625,0.70125,0.7658836284784966,0.6206896551724137,150.39999999999998
1813,13453,0.8625,0.7631875,0.9796651005902903,0.6206896551724137,150.39999999999998
1814,22877,0.12499999999999992,0.83690625,0.9819057944825923,0.48275862068965514,150.36363636363635
1815,13238,0.625,0.756,0.9729671123960967,0.27586206896551724,150.33333333333331
1816,13830,0.8625,0.78125,0.9501746777496686,1.0,150.33333333333331
1817,11027,0.125,0.903125,0.7718949524153716,0.0,150.3142857142857
1818,12869,0.625,0.7584375,0.9629442235875195,0.0,150.28571428571428
1819,12843,0.625,0.8028437499999999,0.9873750150584266,0.0,150.28571428571428
1820,22949,0.6125,0.849375,0.9746536561860017,0.0,150.28571428571428
1821,13122,0.625,0.79528125,0.8773762197325623,0.0,150.28571428571428
1822,24333,0.625,0.8275,0.9975906517287073,0.0,150.28571428571428
1823,11298,0.125,0.82128125,0.9870015660763762,0.27586206896551724,150.2222222222222
1824,11107,0.125,0.8023125,0.8788820624021202,0.0,150.15714285714284
1825,11540,0.3625,0.79528125,0.8773762197325623,0.0,150.1285714285714
1826,23535,0.3625,0.7931874999999999,0.9851343211661244,0.27586206896551724,150.1111111111111
1827,12573,0.6125,0.82659375,0.8773762197325623,0.0,150.10285714285712
1828,12033,0.375,0.90625,0.62643055053608,0.3448275862068966,150.09999999999997
1829,10605,0.1125,0.903125,0.655524635586074,0.8275862068965517,149.99999999999997
1830,23022,0.8625,0.8369375,0.9818817009998795,0.48275862068965514,149.99999999999997
1831,21577,0.12499999999999992,0.85878125,0.9672328635104203,0.9655172413793103,149.99999999999997
1832,13228,0.625,0.8294374999999998,0.9969883146608842,0.9655172413793103,149.99999999999997
1833,11479,0.3625,0.715625,0.6545717383447777,0.9655172413793103,149.99999999999997
1834,10468,0.1125,0.70125,0.7658836284784966,0.9655172413793103,149.99999999999997
1835,14030,0.875,0.9375,0.6752463558607397,0.9655172413793103,149.99999999999997
1836,12487,0.6125,0.715625,0.6545717383447777,0.9655172413793103,149.99999999999997
1837,21096,0.8625,0.7618750000000001,0.9785086134200698,0.9655172413793103,149.99999999999997
1838,23656,0.625,0.805625,0.9877002770750511,0.13793103448275862,149.99999999999997
1839,12633,0.6125,0.90625,0.62643055053608,0.13793103448275862,149.99999999999997
1840,10827,0.125,0.8028437499999999,0.9873750150584266,0.0,149.99999999999997
1841,10353,0.1125,0.8634375000000001,0.9629442235875195,0.0,149.99999999999997
1842,13175,0.625,0.71875,0.62643055053608,0.0,149.98571428571427
1843,12633,0.6125,0.90625,0.62643055053608,0.3448275862068966,149.89999999999998
1844,11438,0.3625,0.756,0.9729671123960967,0.27586206896551724,149.88888888888886
1845,13633,0.8625,0.903125,0.7718949524153716,0.0,149.88571428571427
1846,11630,0.3625,0.9252812499999999,0.7551740754126008,0.27586206896551724,149.8444444444444
1847,13492,0.8625,0.70125,0.7658836284784966,0.48275862068965514,149.81818181818178
1848,23656,0.625,0.805625,0.9877002770750511,0.3448275862068966,149.79999999999998
1849,13041,0.625,0.90625,0.62643055053608,0.13793103448275862,149.79999999999998
1850,11790,0.3625,0.7584375,0.9629442235875195,0.0,149.7142857142857
1851,10556,0.1125,0.8195625,0.8788820624021202,0.9655172413793103,149.62264150943395
1852,23534,0.3625,0.805625,0.9877002770750511,0.3448275862068966,149.59999999999997
1853,10471,0.1125,0.715625,0.6545717383447777,0.6206896551724137,149.58999999999997
1854,11821,0.3625,0.8028437499999999,0.9873750150584266,0.0,149.57142857142856
1855,13837,0.8625,0.8028437499999999,0.9873750150584266,0.0,149.57142857142856
1856,11429,0.3625,0.82203125,0.9989157932779182,0.6896551724137931,149.5327102803738
1857,11345,0.3625,0.82128125,0.9870015660763762,0.27586206896551724,149.4444444444444
1858,10897,0.125,0.7068125000000001,0.7915190940850501,1.0,149.33333333333331
1859,23534,0.3625,0.805625,0.9877002770750511,0.6206896551724137,149.29999999999998
1860,23534,0.3625,0.805625,0.9877002770750511,0.13793103448275862,149.29999999999998
1861,12219,0.375,0.8368125,0.9940850499939766,0.0,149.28571428571428
1862,23613,0.375,0.79315625,0.9972172027466569,0.0,149.28571428571428
1863,13314,0.625,0.82128125,0.9870015660763762,0.27586206896551724,149.2222222222222
1864,13802,0.8625,0.75,0.9248042404529574,1.0,149.2222222222222
1865,11625,0.3625,0.90625,0.62643055053608,0.13793103448275862,149.19999999999996
1866,23656,0.625,0.805625,0.9877002770750511,0.6206896551724137,149.19999999999996
1867,12645,0.6125,0.9375,0.6996542585230695,0.8275862068965517,149.16666666666666
1868,12218,0.375,0.844125,0.9902300927599084,1.0,149.1111111111111
1869,21077,0.8625,0.7618750000000001,0.9661366100469823,0.6206896551724137,149.09999999999997
1870,24259,0.375,0.8275,0.9975906517287073,0.9655172413793103,149.05660377358487
1871,12178,0.375,0.70125,0.7658836284784966,0.9655172413793103,149.05660377358487
1872,11476,0.3625,0.70125,0.7658836284784966,0.9655172413793103,149.05660377358487
1873,11170,0.125,0.70125,0.7658836284784966,0.9655172413793103,149.05660377358487
1874,13921,0.875,0.7068125000000001,0.7915190940850501,0.9655172413793103,149.05660377358487
1875,11625,0.3625,0.90625,0.62643055053608,0.3448275862068966,148.99999999999997
1876,23664,0.625,0.79315625,0.9851222744247681,0.27586206896551724,148.99999999999997
1877,24308,0.8625,0.8275,0.9855077701481749,0.0,148.99999999999997
1878,21096,0.8625,0.7618750000000001,0.9785086134200698,1.0,148.88888888888886
1879,12217,0.375,0.8514375,0.9854234429586796,0.0,148.85714285714283
1880,12433,0.6125,0.8514375,0.9854234429586796,0.0,148.85714285714283
1881,14330,0.875,0.83165625,0.8878448379713287,0.0,148.84285714285713
1882,14194,0.875,0.70125,0.7658836284784966,0.48275862068965514,148.81818181818178
1883,13181,0.625,0.715625,0.6545717383447777,0.6206896551724137,148.79999999999998
1884,13041,0.625,0.90625,0.62643055053608,0.3448275862068966,148.79999999999998
1885,12645,0.6125,0.9375,0.6996542585230695,0.6896551724137931,148.6915887850467
1886,14182,0.875,0.71875,0.7718949524153716,1.0,148.66666666666663
1887,13836,0.8625,0.79634375,0.9860498735092157,1.0,148.66666666666663
1888,13229,0.625,0.82203125,0.9989157932779182,0.48275862068965514,148.6363636363636
1889,24190,0.3625,0.8275,0.9975906517287073,0.6896551724137931,148.59813084112147
1890,21077,0.8625,0.7618750000000001,0.9661366100469823,0.3448275862068966,148.49999999999997
1891,11429,0.3625,0.82203125,0.9989157932779182,0.48275862068965514,148.45454545454544
1892,10478,0.1125,0.71875,0.7718949524153716,0.27586206896551724,148.39999999999998
1893,12168,0.375,0.715625,0.62643055053608,0.8275862068965517,148.33333333333331
1894,13445,0.8625,0.82203125,0.9989157932779182,0.8275862068965517,148.33333333333331
1895,12015,0.375,0.9375,0.6996542585230695,0.8275862068965517,148.33333333333331
1896,13453,0.8625,0.7631875,0.9796651005902903,0.3448275862068966,148.29999999999998
1897,13921,0.875,0.7068125000000001,0.7915190940850501,0.6206896551724137,148.29999999999998
1898,12215,0.375,0.865875,0.9729671123960967,0.0,148.28571428571428
1899,13184,0.625,0.6875,0.7324515118660402,0.0,148.28571428571428
1900,10609,0.1125,0.903125,0.7718949524153716,0.0,148.28571428571428
1901,13097,0.625,0.82659375,0.8773762197325623,0.27586206896551724,148.27888888888887
1902,11479,0.3625,0.715625,0.6545717383447777,0.13793103448275862,148.20999999999998
1903,20916,0.125,0.7618750000000001,0.9661366100469823,0.13793103448275862,148.19999999999996
1904,10558,0.1125,0.833625,0.8749909649439825,1.0,148.18888888888887
1905,12176,0.375,0.6875,0.7324515118660402,0.0,148.1428571428571
1906,24169,0.3625,0.8150625,0.9877966510059029,0.0,148.1428571428571
1907,11006,0.125,0.9375,0.6752463558607397,0.9655172413793103,148.1132075471698
1908,12440,0.6125,0.79984375,0.9989157932779182,0.9655172413793103,148.1132075471698
1909,12292,0.375,0.8503437500000001,0.9739549451873267,0.9655172413793103,148.1132075471698
1910,13022,0.625,0.9375,0.6752463558607397,0.9655172413793103,148.1132075471698
1911,13762,0.8625,0.7068125000000001,0.7915190940850501,0.9655172413793103,148.1132075471698
1912,10853,0.125,0.7584375,0.9629442235875195,0.27586206896551724,148.1111111111111
1913,14195,0.875,0.706,0.7761354053728465,0.27586206896551724,148.1111111111111
1914,10352,0.1125,0.85690625,0.96883508011083,0.27586206896551724,148.1111111111111
1915,13762,0.8625,0.7068125000000001,0.7915190940850501,0.6206896551724137,148.09999999999997
1916,20916,0.125,0.7618750000000001,0.9661366100469823,0.3448275862068966,147.99999999999997
1917,14030,0.875,0.9375,0.6752463558607397,0.27586206896551724,147.99999999999997
1918,12431,0.6125,0.865875,0.9729671123960967,0.0,147.99999999999997
1919,12434,0.6125,0.844125,0.9902300927599084,1.0,147.88888888888886
1920,13439,0.8625,0.865875,0.9729671123960967,1.0,147.88888888888886
1921,13641,0.8625,0.90625,0.62643055053608,0.3448275862068966,147.79999999999998
1922,13175,0.625,0.71875,0.62643055053608,1.0,147.77777777777774
1923,13454,0.8625,0.756,0.9729671123960967,0.27586206896551724,147.77777777777774
1924,11222,0.125,0.756,0.9729671123960967,1.0,147.77777777777774
1925,13836,0.8625,0.79634375,0.9860498735092157,0.27586206896551724,147.77777777777774
1926,13448,0.8625,0.79984375,0.9989157932779182,0.6896551724137931,147.66355140186914
1927,13641,0.8625,0.90625,0.62643055053608,0.13793103448275862,147.65999999999997
1928,12026,0.375,0.9252812499999999,0.7551740754126008,0.27586206896551724,147.64444444444442
1929,11213,0.125,0.82203125,0.9989157932779182,0.48275862068965514,147.63636363636363
1930,10812,0.1125,0.79634375,0.9860498735092157,0.0,147.57142857142856
1931,23685,0.625,0.79315625,0.9972172027466569,0.0,147.57142857142856
1932,10858,0.125,0.75,0.9248042404529574,1.0,147.55555555555551
1933,10826,0.125,0.79634375,0.9860498735092157,0.27586206896551724,147.55555555555551
1934,13448,0.8625,0.79984375,0.9989157932779182,1.0,147.55555555555551
1935,11637,0.3625,0.9375,0.6996542585230695,0.8275862068965517,147.49999999999997
1936,11024,0.125,0.90625,0.7671364895795687,0.8275862068965517,147.49999999999997
1937,10612,0.1125,0.90625,0.7671364895795687,0.8275862068965517,147.49999999999997
1938,12628,0.6125,0.90625,0.7671364895795687,0.8275862068965517,147.49999999999997
1939,24335,0.8625,0.8275,0.9975906517287073,0.13793103448275862,147.49999999999997
1940,23544,0.3625,0.7931874999999999,0.9972292494880134,0.0,147.42857142857142
1941,24194,0.125,0.8275,0.9975906517287073,0.13793103448275862,147.39999999999998
1942,21077,0.8625,0.7618750000000001,0.9661366100469823,0.13793103448275862,147.29999999999998
1943,13850,0.875,0.79634375,0.9860498735092157,0.0,147.28571428571428
1944,14189,0.875,0.715625,0.6545717383447777,0.3448275862068966,147.24999999999997
1945,13181,0.625,0.715625,0.6545717383447777,0.9655172413793103,147.1698113207547
1946,13439,0.8625,0.865875,0.9729671123960967,0.9655172413793103,147.1698113207547
1947,13490,0.8625,0.692,0.7440320443320082,0.0,147.1428571428571
1948,10556,0.1125,0.8195625,0.8788820624021202,0.6206896551724137,147.09999999999997
1949,14189,0.875,0.715625,0.6545717383447777,0.6206896551724137,147.00999999999996
1950,10627,0.1125,0.934375,0.7324515118660402,1.0,146.97777777777776
1951,24194,0.125,0.8275,0.9975906517287073,0.3448275862068966,146.89999999999998
1952,14189,0.875,0.715625,0.6545717383447777,0.13793103448275862,146.87999999999997
1953,13445,0.8625,0.82203125,0.9989157932779182,0.48275862068965514,146.81818181818178
1954,13453,0.8625,0.7631875,0.9796651005902903,0.13793103448275862,146.79999999999998
1955,14245,0.875,0.7631875,0.9796651005902903,0.9655172413793103,146.79245283018867
1956,10469,0.1125,0.706,0.7761354053728465,0.27586206896551724,146.77777777777774
1957,22373,0.8625,0.7837500000000001,0.9813155041561258,0.6896551724137931,146.7289719626168
1958,11565,0.3625,0.82659375,0.8773762197325623,0.6206896551724137,146.69999999999996
1959,12487,0.6125,0.715625,0.6545717383447777,0.13793103448275862,146.69999999999996
1960,13629,0.8625,0.903125,0.655524635586074,0.8275862068965517,146.66666666666666
1961,11438,0.3625,0.756,0.9729671123960967,1.0,146.66666666666663
1962,13495,0.8625,0.715625,0.6545717383447777,0.3448275862068966,146.59999999999997
1963,24194,0.125,0.8275,0.9975906517287073,0.6206896551724137,146.59999999999997
1964,10830,0.125,0.78125,0.9501746777496686,0.27586206896551724,146.55555555555551
1965,13806,0.8625,0.7584375,0.9629442235875195,0.27586206896551724,146.55555555555551
1966,10622,0.1125,0.9252812499999999,0.7551740754126008,0.27586206896551724,146.44444444444443
1967,10419,0.1125,0.8368125,0.9940850499939766,1.0,146.44444444444443
1968,13830,0.8625,0.78125,0.9501746777496686,0.27586206896551724,146.44444444444443
1969,21096,0.8625,0.7618750000000001,0.9785086134200698,0.27586206896551724,146.44444444444443
1970,13097,0.625,0.82659375,0.8773762197325623,0.6206896551724137,146.43999999999997
1971,10556,0.1125,0.8195625,0.8788820624021202,0.3448275862068966,146.39
1972,10557,0.1125,0.82659375,0.8773762197325623,0.48275862068965514,146.36363636363635
1973,14235,0.875,0.8368125,0.9940850499939766,1.0,146.33333333333331
1974,12224,0.375,0.79984375,0.9989157932779182,0.3448275862068966,146.29999999999998
1975,24335,0.8625,0.8275,0.9975906517287073,0.3448275862068966,146.29999999999998
1976,11565,0.3625,0.82659375,0.8773762197325623,0.9655172413793103,146.2264150943396
1977,14189,0.875,0.715625,0.6545717383447777,0.9655172413793103,146.2264150943396
1978,11433,0.3625,0.7924375,0.9969883146608842,0.9655172413793103,146.2264150943396
1979,10471,0.1125,0.715625,0.6545717383447777,0.9655172413793103,146.2264150943396
1980,21720,0.625,0.85878125,0.9672328635104203,0.9655172413793103,146.2264150943396
1981,11210,0.125,0.844125,0.9902300927599084,0.9655172413793103,146.2264150943396
1982,10830,0.125,0.78125,0.9501746777496686,1.0,146.2222222222222
1983,12676,0.6125,0.934375,0.7682568365257197,0.0,146.2142857142857
1984,20916,0.125,0.7618750000000001,0.9661366100469823,0.6206896551724137,146.19999999999996
1985,13237,0.625,0.7631875,0.9796651005902903,0.9655172413793103,146.1320754716981
1986,11216,0.125,0.79984375,0.9989157932779182,0.27586206896551724,146.1111111111111
1987,12224,0.375,0.79984375,0.9989157932779182,0.6206896551724137,146.09999999999997
1988,13443,0.8625,0.8368125,0.9940850499939766,0.13793103448275862,146.09999999999997
1989,24335,0.8625,0.8275,0.9975906517287073,0.6206896551724137,146.09999999999997
1990,11565,0.3625,0.82659375,0.8773762197325623,0.3448275862068966,146.07999999999998
1991,12993,0.625,0.934375,0.7682568365257197,0.0,146.07142857142856
1992,13097,0.625,0.82659375,0.8773762197325623,0.3448275862068966,146.03999999999996
1993,11565,0.3625,0.82659375,0.8773762197325623,0.13793103448275862,146.02999999999997
1994,12224,0.375,0.79984375,0.9989157932779182,0.13793103448275862,145.99999999999997
1995,11221,0.125,0.7631875,0.9796651005902903,0.13793103448275862,145.99999999999997
1996,11221,0.125,0.7631875,0.9796651005902903,0.3448275862068966,145.99999999999997
1997,20949,0.125,0.7618750000000001,0.9785086134200698,0.27586206896551724,145.99999999999997
1998,11985,0.375,0.934375,0.7682568365257197,0.0,145.99999999999997
1999,13439,0.8625,0.865875,0.9729671123960967,0.27586206896551724,145.88888888888886
2000,11217,0.125,0.7924375,0.9969883146608842,0.0,145.85714285714283
2001,11485,0.3625,0.715625,0.62643055053608,0.8275862068965517,145.83333333333331
2002,12437,0.6125,0.82203125,0.9989157932779182,0.8275862068965517,145.83333333333331
2003,24190,0.3625,0.8275,0.9975906517287073,0.8275862068965517,145.83333333333331
2004,14182,0.875,0.71875,0.7718949524153716,0.27586206896551724,145.81111111111107
2005,11165,0.125,0.715625,0.6545717383447777,0.3448275862068966,145.79999999999998
2006,24333,0.625,0.8275,0.9975906517287073,0.6896551724137931,145.79439252336445
2007,11491,0.3625,0.71875,0.62643055053608,1.0,145.77777777777774
2008,13493,0.8625,0.706,0.7761354053728465,0.27586206896551724,145.77777777777774
2009,12440,0.6125,0.79984375,0.9989157932779182,0.3448275862068966,145.59999999999997
2010,12499,0.6125,0.71875,0.62643055053608,0.0,145.58571428571426
2011,13097,0.625,0.82659375,0.8773762197325623,0.13793103448275862,145.55999999999997
2012,13448,0.8625,0.79984375,0.9989157932779182,0.27586206896551724,145.55555555555551
2013,10469,0.1125,0.706,0.7761354053728465,1.0,145.55555555555551
2014,14105,0.875,0.82659375,0.8773762197325623,0.48275862068965514,145.45454545454544
2015,13449,0.8625,0.7924375,0.9969883146608842,0.0,145.42857142857142
2016,10556,0.1125,0.8195625,0.8788820624021202,0.13793103448275862,145.42
2017,11165,0.125,0.715625,0.6545717383447777,0.13793103448275862,145.35999999999999
2018,12440,0.6125,0.79984375,0.9989157932779182,0.13793103448275862,145.29999999999998
2019,21623,0.125,0.8712500000000001,0.9673292374412721,0.9655172413793103,145.2830188679245
2020,12224,0.375,0.79984375,0.9989157932779182,0.9655172413793103,145.2830188679245
2021,12353,0.6125,0.82128125,0.9870015660763762,0.9655172413793103,145.2830188679245
2022,13097,0.625,0.82659375,0.8773762197325623,0.9655172413793103,145.2830188679245
2023,21077,0.8625,0.7618750000000001,0.9661366100469823,0.9655172413793103,145.2830188679245
2024,14042,0.875,0.9252812499999999,0.7551740754126008,0.27586206896551724,145.2222222222222
2025,22315,0.6125,0.7713125,0.9860619202505723,0.9655172413793103,145.188679245283
2026,12440,0.6125,0.79984375,0.9989157932779182,0.6206896551724137,145.09999999999997
2027,12087,0.375,0.8195625,0.8788820624021202,0.9655172413793103,145.09433962264148
2028,14106,0.875,0.833625,0.8749909649439825,1.0,145.06666666666663
2029,13453,0.8625,0.7631875,0.9796651005902903,0.6896551724137931,145.04672897196258
2030,12115,0.375,0.8023125,0.8788820624021202,0.27586206896551724,145.0111111111111
2031,12493,0.6125,0.715625,0.62643055053608,0.8275862068965517,144.99999999999997
2032,13047,0.625,0.903125,0.655524635586074,0.8275862068965517,144.99999999999997
2033,13040,0.625,0.90625,0.7671364895795687,0.8275862068965517,144.99999999999997
2034,20949,0.125,0.7618750000000001,0.9785086134200698,1.0,144.99999999999997
2035,12218,0.375,0.844125,0.9902300927599084,0.27586206896551724,144.99999999999997
2036,10616,0.1125,0.90625,0.6545717383447777,0.0,144.99999999999997
2037,13495,0.8625,0.715625,0.6545717383447777,0.6206896551724137,144.89999999999998
2038,12434,0.6125,0.844125,0.9902300927599084,0.27586206896551724,144.88888888888886
2039,12828,0.6125,0.79634375,0.9860498735092157,0.27586206896551724,144.88888888888886
2040,13654,0.8625,0.9375,0.6752463558607397,0.6896551724137931,144.85981308411212
2041,13921,0.875,0.7068125000000001,0.7915190940850501,0.3448275862068966,144.79999999999998
2042,12087,0.375,0.8195625,0.8788820624021202,0.6206896551724137,144.77999999999997
2043,12549,0.6125,0.8023125,0.8788820624021202,0.27586206896551724,144.77777777777774
2044,12485,0.6125,0.706,0.7761354053728465,1.0,144.77777777777774
2045,12828,0.6125,0.79634375,0.9860498735092157,1.0,144.77777777777774
2046,23542,0.3625,0.805625,0.9997470184315143,0.0,144.7142857142857
2047,12294,0.375,0.8634375000000001,0.9629442235875195,0.0,144.7142857142857
2048,13646,0.8625,0.9252812499999999,0.7551740754126008,0.27586206896551724,144.71111111111108
2049,12014,0.375,0.9375,0.6752463558607397,0.6206896551724137,144.69999999999996
2050,13580,0.8625,0.8195625,0.8788820624021202,0.0,144.68571428571425
2051,13187,0.625,0.706,0.7761354053728465,1.0,144.66666666666663
2052,11834,0.375,0.79634375,0.9860498735092157,0.27586206896551724,144.66666666666663
2053,11361,0.3625,0.8634375000000001,0.9629442235875195,0.27586206896551724,144.66666666666663
2054,23689,0.8625,0.7931874999999999,0.9972292494880134,0.27586206896551724,144.66666666666663
2055,10858,0.125,0.75,0.9248042404529574,0.27586206896551724,144.66666666666663
2056,11866,0.375,0.75,0.9248042404529574,0.0,144.6285714285714
2057,10532,0.1125,0.79528125,0.8773762197325623,1.0,144.6111111111111
2058,13442,0.8625,0.844125,0.9902300927599084,0.13793103448275862,144.59999999999997
2059,24321,0.625,0.81503125,0.9878086977472593,0.0,144.57142857142856
2060,12345,0.6125,0.83165625,0.8878448379713287,0.0,144.55714285714285
2061,12167,0.375,0.71875,0.62643055053608,1.0,144.55555555555551
2062,11106,0.125,0.79528125,0.8773762197325623,0.0,144.54285714285712
2063,11486,0.3625,0.71875,0.7718949524153716,0.3448275862068966,144.49999999999997
2064,13556,0.8625,0.79528125,0.8773762197325623,0.0,144.48571428571427
2065,12572,0.6125,0.8195625,0.8788820624021202,0.13793103448275862,144.45999999999998
2066,10419,0.1125,0.8368125,0.9940850499939766,0.27586206896551724,144.44444444444443
2067,11216,0.125,0.79984375,0.9989157932779182,1.0,144.44444444444443
2068,13302,0.625,0.8634375000000001,0.9629442235875195,1.0,144.44444444444443
2069,23540,0.12499999999999992,0.79315625,0.9972172027466569,0.27586206896551724,144.44444444444443
2070,12572,0.6125,0.8195625,0.8788820624021202,0.6206896551724137,144.40999999999997
2071,12574,0.6125,0.833625,0.8749909649439825,1.0,144.37777777777774
2072,13495,0.8625,0.715625,0.6545717383447777,0.13793103448275862,144.36999999999998
2073,13226,0.625,0.844125,0.9902300927599084,0.9655172413793103,144.3396226415094
2074,12441,0.6125,0.7924375,0.9969883146608842,0.9655172413793103,144.3396226415094
2075,22360,0.625,0.7837500000000001,0.9813155041561258,0.9655172413793103,144.3396226415094
2076,12306,0.375,0.82128125,0.9870015660763762,0.9655172413793103,144.3396226415094
2077,23035,0.8625,0.8369375,0.9940127695458378,0.9655172413793103,144.3396226415094
2078,13837,0.8625,0.8028437499999999,0.9873750150584266,0.9655172413793103,144.3396226415094
2079,23689,0.8625,0.7931874999999999,0.9972292494880134,0.9655172413793103,144.3396226415094
2080,13581,0.8625,0.82659375,0.8773762197325623,0.9655172413793103,144.3396226415094
2081,11171,0.125,0.706,0.7761354053728465,0.27586206896551724,144.33333333333331
2082,11207,0.125,0.865875,0.9729671123960967,0.27586206896551724,144.33333333333331
2083,22896,0.12499999999999992,0.83690625,0.9940368630285508,0.27586206896551724,144.33333333333331
2084,14240,0.875,0.79984375,0.9989157932779182,0.0,144.28571428571428
2085,11345,0.3625,0.82128125,0.9870015660763762,1.0,144.2222222222222
2086,11165,0.125,0.715625,0.6545717383447777,0.6206896551724137,144.19999999999996
2087,14184,0.875,0.715625,0.62643055053608,0.8275862068965517,144.16666666666666
2088,12221,0.375,0.82203125,0.9989157932779182,0.8275862068965517,144.16666666666666
2089,14047,0.875,0.90625,0.7389965064450066,0.0,144.07142857142856
2090,12314,0.375,0.83165625,0.8878448379713287,0.0,144.07142857142856
2091,13443,0.8625,0.8368125,0.9940850499939766,0.6206896551724137,143.99999999999997
2092,13921,0.875,0.7068125000000001,0.7915190940850501,0.13793103448275862,143.99999999999997
2093,13802,0.8625,0.75,0.9248042404529574,0.27586206896551724,143.99999999999997
2094,23689,0.8625,0.7931874999999999,0.9972292494880134,1.0,143.99999999999997
2095,11835,0.375,0.8028437499999999,0.9873750150584266,0.0,143.99999999999997
2096,12087,0.375,0.8195625,0.8788820624021202,0.3448275862068966,143.96999999999997
2097,14105,0.875,0.82659375,0.8773762197325623,0.6896551724137931,143.9252336448598
2098,24194,0.125,0.8275,0.9975906517287073,0.6896551724137931,143.9252336448598
2099,13443,0.8625,0.8368125,0.9940850499939766,0.6896551724137931,143.9252336448598
2100,23669,0.8625,0.805625,0.9877002770750511,0.6896551724137931,143.9252336448598
2101,14030,0.875,0.9375,0.6752463558607397,0.6206896551724137,143.89999999999998
2102,23035,0.8625,0.8369375,0.9940127695458378,1.0,143.88888888888886
2103,11900,0.375,0.6875,0.7682568365257197,0.0,143.85714285714283
2104,14191,0.875,0.692,0.7440320443320082,0.0,143.85714285714283
2105,11168,0.125,0.6875,0.7324515118660402,0.0,143.8142857142857
2106,11221,0.125,0.7631875,0.9796651005902903,0.6206896551724137,143.79999999999998
2107,13442,0.8625,0.844125,0.9902300927599084,0.6206896551724137,143.79999999999998
2108,12090,0.375,0.833625,0.8749909649439825,1.0,143.79999999999998
2109,10483,0.1125,0.71875,0.62643055053608,1.0,143.77777777777774
2110,24263,0.6125,0.8275,0.9975906517287073,1.0,143.77777777777774
2111,22896,0.12499999999999992,0.83690625,0.9940368630285508,1.0,143.77777777777774
2112,24259,0.375,0.8275,0.9975906517287073,0.27586206896551724,143.77777777777774
2113,12087,0.375,0.8195625,0.8788820624021202,0.13793103448275862,143.76999999999998
2114,12572,0.6125,0.8195625,0.8788820624021202,0.3448275862068966,143.73999999999998
2115,12014,0.375,0.9375,0.6752463558607397,0.3448275862068966,143.69999999999996
2116,12306,0.375,0.82128125,0.9870015660763762,0.13793103448275862,143.69999999999996
2117,10892,0.125,0.6875,0.7682568365257197,1.0,143.66666666666663
2118,12306,0.375,0.82128125,0.9870015660763762,0.3448275862068966,143.59999999999997
2119,12306,0.375,0.82128125,0.9870015660763762,0.6206896551724137,143.59999999999997
2120,12908,0.625,0.6875,0.7682568365257197,0.0,143.57142857142856
2121,13443,0.8625,0.8368125,0.9940850499939766,0.3448275862068966,143.49999999999997
2122,12572,0.6125,0.8195625,0.8788820624021202,0.9655172413793103,143.49056603773582
2123,13444,0.8625,0.8294374999999998,0.9969883146608842,0.6896551724137931,143.45794392523362
2124,12369,0.6125,0.8634375000000001,0.9629442235875195,0.0,143.42857142857142
2125,13174,0.625,0.71875,0.7718949524153716,0.3448275862068966,143.39999999999998
2126,13495,0.8625,0.715625,0.6545717383447777,0.9655172413793103,143.3962264150943
2127,22949,0.6125,0.849375,0.9746536561860017,0.9655172413793103,143.3962264150943
2128,10630,0.1125,0.9375,0.6752463558607397,0.9655172413793103,143.3962264150943
2129,13377,0.8625,0.8634375000000001,0.9629442235875195,0.9655172413793103,143.3962264150943
2130,11486,0.3625,0.71875,0.7718949524153716,0.9655172413793103,143.3962264150943
2131,11729,0.3625,0.6673125,0.7767256956993133,0.9655172413793103,143.3962264150943
2132,12225,0.375,0.7924375,0.9969883146608842,0.9655172413793103,143.3962264150943
2133,22872,0.3625,0.849375,0.9746536561860017,0.9655172413793103,143.3962264150943
2134,21591,0.3625,0.8588125,0.9671967232863511,0.9655172413793103,143.3962264150943
2135,11018,0.125,0.9252812499999999,0.7551740754126008,0.27586206896551724,143.38888888888886
2136,10804,0.1125,0.7876562500000001,0.8868570051800987,0.0,143.38571428571427
2137,11564,0.3625,0.8195625,0.8788820624021202,0.27586206896551724,143.37777777777774
2138,11212,0.125,0.8294374999999998,0.9969883146608842,0.6896551724137931,143.36448598130838
2139,12032,0.375,0.90625,0.7671364895795687,0.8275862068965517,143.33333333333331
2140,13176,0.625,0.715625,0.62643055053608,0.8275862068965517,143.33333333333331
2141,11031,0.125,0.903125,0.655524635586074,0.8275862068965517,143.33333333333331
2142,14308,0.875,0.8503437500000001,0.9739549451873267,0.8275862068965517,143.33333333333331
2143,23035,0.8625,0.8369375,0.9940127695458378,0.27586206896551724,143.33333333333331
2144,12179,0.375,0.706,0.7761354053728465,0.27586206896551724,143.33333333333331
2145,10613,0.1125,0.90625,0.7389965064450066,0.0,143.32857142857142
2146,12794,0.6125,0.75,0.9248042404529574,0.0,143.3142857142857
2147,13860,0.875,0.7876562500000001,0.8868570051800987,0.0,143.27142857142854
2148,14235,0.875,0.8368125,0.9940850499939766,0.27586206896551724,143.2222222222222
2149,24259,0.375,0.8275,0.9975906517287073,1.0,143.2222222222222
2150,13302,0.625,0.8634375000000001,0.9629442235875195,0.27586206896551724,143.2222222222222
2151,12353,0.6125,0.82128125,0.9870015660763762,0.3448275862068966,143.19999999999996
2152,11638,0.3625,0.9375,0.6752463558607397,0.48275862068965514,143.18181818181816
2153,11423,0.3625,0.865875,0.9729671123960967,0.27586206896551724,143.1111111111111
2154,13442,0.8625,0.844125,0.9902300927599084,0.3448275862068966,143.09999999999997
2155,12353,0.6125,0.82128125,0.9870015660763762,0.13793103448275862,143.09999999999997
2156,12353,0.6125,0.82128125,0.9870015660763762,0.6206896551724137,142.99999999999997
2157,11211,0.125,0.8368125,0.9940850499939766,0.13793103448275862,142.99999999999997
2158,14030,0.875,0.9375,0.6752463558607397,0.3448275862068966,142.99999999999997
2159,12485,0.6125,0.706,0.7761354053728465,0.27586206896551724,142.99999999999997
2160,13630,0.8625,0.903125,0.6846187206360679,0.0,142.99999999999997
2161,14241,0.875,0.7924375,0.9969883146608842,0.6896551724137931,142.99065420560746
2162,22877,0.12499999999999992,0.83690625,0.9819057944825923,0.6896551724137931,142.99065420560746
2163,24263,0.6125,0.8275,0.9975906517287073,0.27586206896551724,142.88888888888886
2164,10424,0.1125,0.79984375,0.9989157932779182,0.0,142.85714285714283
2165,10532,0.1125,0.79528125,0.8773762197325623,0.27586206896551724,142.8222222222222
2166,12573,0.6125,0.82659375,0.8773762197325623,0.48275862068965514,142.7272727272727
2167,23688,0.8625,0.805625,0.9997470184315143,0.0,142.7142857142857
2168,12829,0.6125,0.8028437499999999,0.9873750150584266,0.0,142.7142857142857
2169,11486,0.3625,0.71875,0.7718949524153716,0.6206896551724137,142.69999999999996
2170,10738,0.1125,0.7068125000000001,0.7915190940850501,0.3448275862068966,142.69999999999996
2171,11668,0.3625,0.934375,0.7682568365257197,0.0,142.65714285714284
2172,12846,0.625,0.78125,0.9501746777496686,0.27586206896551724,142.56666666666663
2173,12167,0.375,0.71875,0.62643055053608,0.27586206896551724,142.55555555555551
2174,11429,0.3625,0.82203125,0.9989157932779182,0.8275862068965517,142.49999999999997
2175,12039,0.375,0.903125,0.655524635586074,0.8275862068965517,142.49999999999997
2176,12621,0.6125,0.903125,0.655524635586074,0.8275862068965517,142.49999999999997
2177,11165,0.125,0.715625,0.6545717383447777,0.9655172413793103,142.45283018867923
2178,23008,0.625,0.849375,0.9746536561860017,0.9655172413793103,142.45283018867923
2179,11081,0.125,0.82659375,0.8773762197325623,0.9655172413793103,142.45283018867923
2180,13361,0.8625,0.82128125,0.9870015660763762,0.9655172413793103,142.45283018867923
2181,10827,0.125,0.8028437499999999,0.9873750150584266,0.9655172413793103,142.45283018867923
2182,13187,0.625,0.706,0.7761354053728465,0.27586206896551724,142.44444444444443
2183,13223,0.625,0.865875,0.9729671123960967,1.0,142.44444444444443
2184,13095,0.625,0.8195625,0.8788820624021202,0.27586206896551724,142.4333333333333
2185,11167,0.125,0.692,0.7440320443320082,0.0,142.42857142857142
2186,23512,0.125,0.805625,0.9877002770750511,0.3448275862068966,142.39999999999998
2187,23512,0.125,0.805625,0.9877002770750511,0.13793103448275862,142.39999999999998
2188,22360,0.625,0.7837500000000001,0.9813155041561258,0.3448275862068966,142.39999999999998
2189,13191,0.625,0.6875,0.7059462715335502,0.13793103448275862,142.33999999999997
2190,13488,0.8625,0.6875,0.62643055053608,1.0,142.33333333333331
2191,11477,0.3625,0.706,0.7761354053728465,0.27586206896551724,142.33333333333331
2192,12499,0.6125,0.71875,0.62643055053608,1.0,142.33333333333331
2193,11081,0.125,0.82659375,0.8773762197325623,0.6206896551724137,142.31999999999996
2194,12874,0.625,0.75,0.9248042404529574,0.27586206896551724,142.26666666666665
2195,14103,0.875,0.8195625,0.8788820624021202,0.3448275862068966,142.25999999999996
2196,12481,0.6125,0.6875,0.7324515118660402,0.0,142.25714285714284
2197,13454,0.8625,0.756,0.9729671123960967,0.9655172413793103,142.1698113207547
2198,22387,0.8625,0.7713125,0.9860619202505723,0.6896551724137931,142.14953271028034
2199,14103,0.875,0.8195625,0.8788820624021202,0.13793103448275862,142.11999999999998
2200,14130,0.875,0.79528125,0.8773762197325623,0.27586206896551724,142.1111111111111
2201,22216,0.12499999999999996,0.7837500000000001,0.9813155041561258,0.13793103448275862,142.09999999999997
2202,22216,0.12499999999999996,0.7837500000000001,0.9813155041561258,0.3448275862068966,142.09999999999997
2203,22360,0.625,0.7837500000000001,0.9813155041561258,0.13793103448275862,142.09999999999997
2204,23669,0.8625,0.805625,0.9877002770750511,0.6206896551724137,142.09999999999997
2205,10617,0.1125,0.90625,0.62643055053608,0.9655172413793103,142.07547169811318
2206,23022,0.8625,0.8369375,0.9818817009998795,0.6896551724137931,142.05607476635512
2207,11432,0.3625,0.79984375,0.9989157932779182,0.6896551724137931,142.05607476635512
2208,12089,0.375,0.82659375,0.8773762197325623,0.48275862068965514,141.99999999999997
2209,23669,0.8625,0.805625,0.9877002770750511,0.3448275862068966,141.99999999999997
2210,13762,0.8625,0.7068125000000001,0.7915190940850501,0.3448275862068966,141.99999999999997
2211,22246,0.12499999999999992,0.77128125,0.9860257800265027,1.0,141.99999999999997
2212,23512,0.125,0.805625,0.9877002770750511,0.6206896551724137,141.89999999999998
2213,13223,0.625,0.865875,0.9729671123960967,0.27586206896551724,141.88888888888886
2214,12175,0.375,0.692,0.7440320443320082,0.0,141.85714285714283
2215,22373,0.8625,0.7837500000000001,0.9813155041561258,0.6206896551724137,141.79999999999998
2216,14049,0.875,0.90625,0.62643055053608,0.6206896551724137,141.79999999999998
2217,23669,0.8625,0.805625,0.9877002770750511,0.13793103448275862,141.79999999999998
2218,13016,0.625,0.9375,0.7240621611853992,0.0,141.68571428571425
2219,10352,0.1125,0.85690625,0.96883508011083,0.8275862068965517,141.66666666666666
2220,13653,0.8625,0.9375,0.6996542585230695,0.8275862068965517,141.66666666666666
2221,11620,0.3625,0.90625,0.7671364895795687,0.8275862068965517,141.66666666666666
2222,11081,0.125,0.82659375,0.8773762197325623,0.3448275862068966,141.64999999999998
2223,23684,0.625,0.805625,0.9997470184315143,0.0,141.57142857142856
2224,13637,0.8625,0.90625,0.7389965064450066,0.0,141.55714285714285
2225,10592,0.1125,0.871875,0.62643055053608,0.0,141.54285714285712
2226,11426,0.3625,0.844125,0.9902300927599084,0.9655172413793103,141.50943396226413
2227,13174,0.625,0.71875,0.7718949524153716,0.9655172413793103,141.50943396226413
2228,14049,0.875,0.90625,0.62643055053608,0.9655172413793103,141.50943396226413
2229,12166,0.375,0.71875,0.7718949524153716,0.9655172413793103,141.50943396226413
2230,13836,0.8625,0.79634375,0.9860498735092157,0.9655172413793103,141.50943396226413
2231,22248,0.3625,0.7837500000000001,0.9934586194434405,0.9655172413793103,141.50943396226413
2232,12842,0.625,0.79634375,0.9860498735092157,0.9655172413793103,141.50943396226413
2233,12846,0.625,0.78125,0.9501746777496686,1.0,141.47777777777776
2234,22373,0.8625,0.7837500000000001,0.9813155041561258,0.3448275862068966,141.39999999999998
2235,22360,0.625,0.7837500000000001,0.9813155041561258,0.6206896551724137,141.39999999999998
2236,14103,0.875,0.8195625,0.8788820624021202,0.6206896551724137,141.36999999999998
2237,23540,0.12499999999999992,0.79315625,0.9972172027466569,1.0,141.33333333333331
2238,13226,0.625,0.844125,0.9902300927599084,0.6206896551724137,141.29999999999998
2239,13226,0.625,0.844125,0.9902300927599084,0.13793103448275862,141.29999999999998
2240,13183,0.625,0.692,0.7440320443320082,0.0,141.28571428571428
2241,10826,0.125,0.79634375,0.9860498735092157,1.0,141.2222222222222
2242,14030,0.875,0.9375,0.6752463558607397,1.0,141.2222222222222
2243,12166,0.375,0.71875,0.7718949524153716,0.3448275862068966,141.19999999999996
2244,12760,0.6125,0.6875,0.7682568365257197,0.0,141.18571428571425
2245,14233,0.875,0.8514375,0.9854234429586796,0.0,141.1428571428571
2246,10466,0.1125,0.692,0.7440320443320082,0.0,141.1428571428571
2247,21096,0.8625,0.7618750000000001,0.9785086134200698,0.6896551724137931,141.1214953271028
2248,10557,0.1125,0.82659375,0.8773762197325623,0.6896551724137931,141.1214953271028
2249,13449,0.8625,0.7924375,0.9969883146608842,0.6896551724137931,141.1214953271028
2250,11638,0.3625,0.9375,0.6752463558607397,0.6896551724137931,141.1214953271028
2251,11171,0.125,0.706,0.7761354053728465,1.0,141.1111111111111
2252,22246,0.12499999999999992,0.77128125,0.9860257800265027,0.27586206896551724,141.1111111111111
2253,22373,0.8625,0.7837500000000001,0.9813155041561258,0.13793103448275862,141.09999999999997
2254,11641,0.3625,0.9375,0.7240621611853992,0.0,141.0142857142857
2255,22216,0.12499999999999996,0.7837500000000001,0.9813155041561258,0.6206896551724137,140.99999999999997
2256,22864,0.3625,0.8369375,0.9818817009998795,0.6206896551724137,140.99999999999997
2257,10352,0.1125,0.85690625,0.96883508011083,1.0,140.99999999999997
2258,10417,0.1125,0.8514375,0.9854234429586796,0.0,140.99999999999997
2259,12212,0.375,0.8870625000000001,0.9472834598241175,0.0,140.99999999999997
2260,11211,0.125,0.8368125,0.9940850499939766,0.6206896551724137,140.89999999999998
2261,11207,0.125,0.865875,0.9729671123960967,0.8275862068965517,140.83333333333331
2262,13448,0.8625,0.79984375,0.9989157932779182,0.8275862068965517,140.83333333333331
2263,10477,0.1125,0.715625,0.62643055053608,0.8275862068965517,140.83333333333331
2264,13501,0.8625,0.715625,0.62643055053608,0.8275862068965517,140.83333333333331
2265,11213,0.125,0.82203125,0.9989157932779182,0.8275862068965517,140.83333333333331
2266,11613,0.3625,0.903125,0.655524635586074,0.8275862068965517,140.83333333333331
2267,13174,0.625,0.71875,0.7718949524153716,0.6206896551724137,140.79999999999998
2268,13938,0.875,0.6673125,0.7767256956993133,1.0,140.77777777777774
2269,12482,0.6125,0.692,0.7440320443320082,0.0,140.7142857142857
2270,13175,0.625,0.71875,0.62643055053608,0.27586206896551724,140.71111111111108
2271,11426,0.3625,0.844125,0.9902300927599084,0.6206896551724137,140.69999999999996
2272,11426,0.3625,0.844125,0.9902300927599084,0.13793103448275862,140.69999999999996
2273,23670,0.8625,0.7931874999999999,0.9851343211661244,0.6206896551724137,140.69999999999996
2274,11211,0.125,0.8368125,0.9940850499939766,0.3448275862068966,140.69999999999996
2275,11210,0.125,0.844125,0.9902300927599084,0.13793103448275862,140.69999999999996
2276,12908,0.625,0.6875,0.7682568365257197,1.0,140.66666666666663
2277,13098,0.625,0.833625,0.8749909649439825,0.0,140.65714285714284
2278,11432,0.3625,0.79984375,0.9989157932779182,0.48275862068965514,140.63636363636363
2279,23016,0.625,0.83690625,0.9819057944825923,0.6206896551724137,140.59999999999997
2280,22864,0.3625,0.8369375,0.9818817009998795,0.13793103448275862,140.59999999999997
2281,22864,0.3625,0.8369375,0.9818817009998795,0.3448275862068966,140.59999999999997
2282,13745,0.8625,0.6673125,0.7767256956993133,0.9655172413793103,140.56603773584902
2283,13502,0.8625,0.71875,0.7718949524153716,0.9655172413793103,140.56603773584902
2284,21744,0.8625,0.8712500000000001,0.9673292374412721,0.9655172413793103,140.56603773584902
2285,14235,0.875,0.8368125,0.9940850499939766,0.9655172413793103,140.56603773584902
2286,13806,0.8625,0.7584375,0.9629442235875195,0.9655172413793103,140.56603773584902
2287,11905,0.375,0.7068125000000001,0.7915190940850501,0.13793103448275862,140.49999999999997
2288,22238,0.3625,0.7837500000000001,0.9813155041561258,0.3448275862068966,140.49999999999997
2289,14049,0.875,0.90625,0.62643055053608,0.13793103448275862,140.49999999999997
2290,12754,0.6125,0.7068125000000001,0.7915190940850501,0.3448275862068966,140.49999999999997
2291,13226,0.625,0.844125,0.9902300927599084,0.3448275862068966,140.49999999999997
2292,11437,0.3625,0.7631875,0.9796651005902903,0.9655172413793103,140.4716981132075
2293,11474,0.3625,0.692,0.7440320443320082,0.0,140.42857142857142
2294,23016,0.625,0.83690625,0.9819057944825923,0.13793103448275862,140.39999999999998
2295,22970,0.6125,0.83378125,0.9953860980604745,0.9655172413793103,140.37735849056602
2296,13653,0.8625,0.9375,0.6996542585230695,0.6896551724137931,140.37383177570092
2297,11082,0.125,0.833625,0.8749909649439825,0.0,140.36142857142855
2298,12548,0.6125,0.79528125,0.8773762197325623,0.27586206896551724,140.33333333333331
2299,23016,0.625,0.83690625,0.9819057944825923,0.3448275862068966,140.29999999999998
2300,23670,0.8625,0.7931874999999999,0.9851343211661244,0.3448275862068966,140.29999999999998
2301,11814,0.3625,0.78125,0.9501746777496686,0.27586206896551724,140.27777777777774
2302,22387,0.8625,0.7713125,0.9860619202505723,1.0,140.2222222222222
2303,12494,0.6125,0.71875,0.7718949524153716,0.3448275862068966,140.2
2304,23670,0.8625,0.7931874999999999,0.9851343211661244,0.13793103448275862,140.2
2305,13762,0.8625,0.7068125000000001,0.7915190940850501,0.13793103448275862,140.2
2306,11207,0.125,0.865875,0.9729671123960967,0.6896551724137931,140.18691588785043
2307,13232,0.625,0.79984375,0.9989157932779182,0.6896551724137931,140.18691588785043
2308,12114,0.375,0.79528125,0.8773762197325623,0.27586206896551724,140.15555555555554
2309,14183,0.875,0.71875,0.62643055053608,1.0,140.1111111111111
2310,11477,0.3625,0.706,0.7761354053728465,1.0,140.1111111111111
2311,10892,0.125,0.6875,0.7682568365257197,0.0,140.1
2312,11210,0.125,0.844125,0.9902300927599084,0.6206896551724137,140.09999999999997
2313,12487,0.6125,0.715625,0.6545717383447777,0.48275862068965514,140.09090909090907
2314,11473,0.3625,0.6875,0.7324515118660402,0.0,140.07142857142856
2315,13492,0.8625,0.70125,0.7658836284784966,0.8275862068965517,139.99999999999997
2316,10351,0.1125,0.8503437500000001,0.9739549451873267,0.8275862068965517,139.99999999999997
2317,12646,0.6125,0.9375,0.6752463558607397,0.48275862068965514,139.99999999999997
2318,22238,0.3625,0.7837500000000001,0.9813155041561258,0.13793103448275862,139.99999999999997
2319,22387,0.8625,0.7713125,0.9860619202505723,0.27586206896551724,139.99999999999997
2320,23545,0.125,0.805625,0.9997470184315143,0.0,139.99999999999997
2321,10622,0.1125,0.9252812499999999,0.7551740754126008,1.0,139.96666666666664
2322,13581,0.8625,0.82659375,0.8773762197325623,0.3448275862068966,139.95999999999998
2323,11566,0.3625,0.833625,0.8749909649439825,0.0,139.92857142857142
2324,11426,0.3625,0.844125,0.9902300927599084,0.3448275862068966,139.89999999999998
2325,22238,0.3625,0.7837500000000001,0.9813155041561258,0.6206896551724137,139.89999999999998
2326,12166,0.375,0.71875,0.7718949524153716,0.6206896551724137,139.89999999999998
2327,14236,0.875,0.8294374999999998,0.9969883146608842,0.13793103448275862,139.89999999999998
2328,10738,0.1125,0.7068125000000001,0.7915190940850501,0.6206896551724137,139.89999999999998
2329,12179,0.375,0.706,0.7761354053728465,1.0,139.88888888888886
2330,11030,0.125,0.903125,0.6846187206360679,0.0,139.85714285714283
2331,23656,0.625,0.805625,0.9877002770750511,0.6896551724137931,139.8130841121495
2332,11427,0.3625,0.8368125,0.9940850499939766,0.13793103448275862,139.79999999999998
2333,12754,0.6125,0.7068125000000001,0.7915190940850501,0.13793103448275862,139.79999999999998
2334,11212,0.125,0.8294374999999998,0.9969883146608842,1.0,139.77777777777774
2335,11170,0.125,0.70125,0.7658836284784966,0.48275862068965514,139.7272727272727
2336,11905,0.375,0.7068125000000001,0.7915190940850501,0.3448275862068966,139.7
2337,14049,0.875,0.90625,0.62643055053608,0.3448275862068966,139.7
2338,11746,0.3625,0.7068125000000001,0.7915190940850501,0.3448275862068966,139.7
2339,13377,0.8625,0.8634375000000001,0.9629442235875195,1.0,139.66666666666663
2340,10853,0.125,0.7584375,0.9629442235875195,1.0,139.66666666666663
2341,10622,0.1125,0.9252812499999999,0.7551740754126008,0.9655172413793103,139.62264150943395
2342,22390,0.625,0.7837500000000001,0.9934586194434405,0.9655172413793103,139.62264150943395
2343,23670,0.8625,0.7931874999999999,0.9851343211661244,0.9655172413793103,139.62264150943395
2344,23685,0.625,0.79315625,0.9972172027466569,0.9655172413793103,139.62264150943395
2345,23688,0.8625,0.805625,0.9997470184315143,0.9655172413793103,139.62264150943395
2346,11298,0.125,0.82128125,0.9870015660763762,0.9655172413793103,139.62264150943395
2347,13654,0.8625,0.9375,0.6752463558607397,0.6206896551724137,139.59999999999997
2348,12913,0.625,0.7068125000000001,0.7915190940850501,0.13793103448275862,139.59999999999997
2349,14030,0.875,0.9375,0.6752463558607397,0.13793103448275862,139.59999999999997
2350,12173,0.375,0.715625,0.6545717383447777,0.48275862068965514,139.54545454545453
2351,11210,0.125,0.844125,0.9902300927599084,0.3448275862068966,139.49999999999997
2352,12913,0.625,0.7068125000000001,0.7915190940850501,0.3448275862068966,139.39999999999998
2353,12090,0.375,0.833625,0.8749909649439825,0.27586206896551724,139.39999999999998
2354,13232,0.625,0.79984375,0.9989157932779182,0.48275862068965514,139.36363636363635
2355,11746,0.3625,0.7068125000000001,0.7915190940850501,0.13793103448275862,139.29999999999998
2356,13227,0.625,0.8368125,0.9940850499939766,0.13793103448275862,139.29999999999998
2357,13581,0.8625,0.82659375,0.8773762197325623,0.6206896551724137,139.28999999999996
2358,12874,0.625,0.75,0.9248042404529574,1.0,139.26666666666665
2359,12173,0.375,0.715625,0.6545717383447777,0.6896551724137931,139.2523364485981
2360,12436,0.6125,0.8294374999999998,0.9969883146608842,0.6896551724137931,139.2523364485981
2361,13227,0.625,0.8368125,0.9940850499939766,0.6896551724137931,139.2523364485981
2362,10533,0.1125,0.8023125,0.8788820624021202,0.9655172413793103,139.2452830188679
2363,12649,0.6125,0.9375,0.7240621611853992,0.0,139.2
2364,11630,0.3625,0.9252812499999999,0.7551740754126008,1.0,139.18888888888887
2365,14165,0.875,0.746875,0.62643055053608,1.0,139.1111111111111
2366,12014,0.375,0.9375,0.6752463558607397,0.13793103448275862,139.09999999999997
2367,11023,0.125,0.90625,0.7389965064450066,0.0,139.0285714285714
2368,10468,0.1125,0.70125,0.7658836284784966,0.48275862068965514,138.99999999999997
2369,10738,0.1125,0.7068125000000001,0.7915190940850501,0.13793103448275862,138.99999999999997
2370,13377,0.8625,0.8634375000000001,0.9629442235875195,0.27586206896551724,138.99999999999997
2371,22893,0.3625,0.849375,0.9868931454041681,0.0,138.99999999999997
2372,12622,0.6125,0.903125,0.6846187206360679,0.0,138.99999999999997
2373,10420,0.1125,0.8294374999999998,0.9969883146608842,0.6896551724137931,138.9719626168224
2374,23520,0.12499999999999992,0.79315625,0.9851222744247681,0.3448275862068966,138.89999999999998
2375,21095,0.8625,0.765,0.981195036742561,0.9655172413793103,138.86792452830187
2376,11504,0.3625,0.746875,0.62643055053608,0.0,138.85714285714283
2377,12428,0.6125,0.8870625000000001,0.9472834598241175,0.0,138.85714285714283
2378,23520,0.12499999999999992,0.79315625,0.9851222744247681,0.13793103448275862,138.79999999999998
2379,13616,0.8625,0.871875,0.62643055053608,0.0,138.7142857142857
2380,12638,0.6125,0.9252812499999999,0.7551740754126008,0.6206896551724137,138.7
2381,22969,0.6125,0.8369375,0.9940127695458378,0.9655172413793103,138.67924528301884
2382,12494,0.6125,0.71875,0.7718949524153716,0.9655172413793103,138.67924528301884
2383,11630,0.3625,0.9252812499999999,0.7551740754126008,0.9655172413793103,138.67924528301884
2384,23542,0.3625,0.805625,0.9997470184315143,0.9655172413793103,138.67924528301884
2385,10630,0.1125,0.9375,0.6752463558607397,0.27586206896551724,138.66666666666663
2386,12481,0.6125,0.6875,0.7324515118660402,1.0,138.66666666666663
2387,10617,0.1125,0.90625,0.62643055053608,0.6206896551724137,138.59999999999997
2388,10630,0.1125,0.9375,0.6752463558607397,0.6206896551724137,138.59999999999997
2389,11820,0.3625,0.79634375,0.9860498735092157,0.3448275862068966,138.59999999999997
2390,12843,0.625,0.8028437499999999,0.9873750150584266,0.9655172413793103,138.58490566037733
2391,13046,0.625,0.903125,0.6846187206360679,0.0,138.55714285714285
2392,13444,0.8625,0.8294374999999998,0.9969883146608842,1.0,138.55555555555551
2393,11821,0.3625,0.8028437499999999,0.9873750150584266,1.0,138.55555555555551
2394,12512,0.6125,0.746875,0.62643055053608,1.0,138.55555555555551
2395,13157,0.625,0.746875,0.62643055053608,0.0,138.54285714285712
2396,10420,0.1125,0.8294374999999998,0.9969883146608842,0.13793103448275862,138.49999999999997
2397,23520,0.12499999999999992,0.79315625,0.9851222744247681,0.6206896551724137,138.49999999999997
2398,10465,0.1125,0.6875,0.7324515118660402,1.0,138.44444444444443
2399,13489,0.8625,0.6875,0.7324515118660402,0.0,138.42857142857142
2400,11820,0.3625,0.79634375,0.9860498735092157,0.13793103448275862,138.39999999999998
2401,13229,0.625,0.82203125,0.9989157932779182,0.8275862068965517,138.33333333333331
2402,14194,0.875,0.70125,0.7658836284784966,0.8275862068965517,138.33333333333331
2403,12038,0.375,0.903125,0.6846187206360679,0.0,138.32857142857142
2404,12487,0.6125,0.715625,0.6545717383447777,0.6896551724137931,138.31775700934577
2405,11211,0.125,0.8368125,0.9940850499939766,0.6896551724137931,138.31775700934577
2406,10425,0.1125,0.7924375,0.9969883146608842,0.6896551724137931,138.31775700934577
2407,10897,0.125,0.7068125000000001,0.7915190940850501,0.3448275862068966,138.29999999999998
2408,11025,0.125,0.90625,0.62643055053608,0.48275862068965514,138.27272727272725
2409,11221,0.125,0.7631875,0.9796651005902903,0.6896551724137931,138.22429906542052
2410,10429,0.1125,0.7631875,0.9796651005902903,0.9655172413793103,138.2075471698113
2411,13654,0.8625,0.9375,0.6752463558607397,0.3448275862068966,138.2
2412,13220,0.625,0.8870625000000001,0.9472834598241175,0.0,138.14285714285714
2413,12494,0.6125,0.71875,0.7718949524153716,0.6206896551724137,138.09999999999997
2414,11820,0.3625,0.79634375,0.9860498735092157,0.6206896551724137,138.09999999999997
2415,11630,0.3625,0.9252812499999999,0.7551740754126008,0.6206896551724137,138.09999999999997
2416,11814,0.3625,0.78125,0.9501746777496686,1.0,138.07777777777775
2417,11427,0.3625,0.8368125,0.9940850499939766,0.6206896551724137,137.99999999999997
2418,13490,0.8625,0.692,0.7440320443320082,1.0,137.99999999999997
2419,14200,0.875,0.6875,0.62643055053608,1.0,137.99999999999997
2420,13184,0.625,0.6875,0.7324515118660402,1.0,137.99999999999997
2421,12220,0.375,0.8294374999999998,0.9969883146608842,0.6896551724137931,137.94392523364485
2422,12504,0.6125,0.746875,0.6534465727020841,0.0,137.94285714285712
2423,11752,0.3625,0.6875,0.7682568365257197,0.0,137.94285714285712
2424,11900,0.375,0.6875,0.7682568365257197,1.0,137.88888888888886
2425,11212,0.125,0.8294374999999998,0.9969883146608842,0.27586206896551724,137.88888888888886
2426,12156,0.375,0.746875,0.6534465727020841,0.0,137.85714285714283
2427,12033,0.375,0.90625,0.62643055053608,0.48275862068965514,137.81818181818178
2428,14237,0.875,0.82203125,0.9989157932779182,1.0,137.77777777777774
2429,23617,0.6125,0.7931874999999999,0.9972292494880134,0.9655172413793103,137.73584905660374
2430,13493,0.8625,0.706,0.7761354053728465,0.9655172413793103,137.73584905660374
2431,11158,0.125,0.71875,0.7718949524153716,0.9655172413793103,137.73584905660374
2432,10419,0.1125,0.8368125,0.9940850499939766,0.9655172413793103,137.73584905660374
2433,14195,0.875,0.706,0.7761354053728465,0.9655172413793103,137.73584905660374
2434,20949,0.125,0.7618750000000001,0.9785086134200698,0.9655172413793103,137.73584905660374
2435,11018,0.125,0.9252812499999999,0.7551740754126008,0.9655172413793103,137.73584905660374
2436,10425,0.1125,0.7924375,0.9969883146608842,0.0,137.7142857142857
2437,12754,0.6125,0.7068125000000001,0.7915190940850501,0.6206896551724137,137.7
2438,14236,0.875,0.8294374999999998,0.9969883146608842,0.3448275862068966,137.7
2439,14165,0.875,0.746875,0.62643055053608,0.27586206896551724,137.66666666666663
2440,11427,0.3625,0.8368125,0.9940850499939766,0.3448275862068966,137.59999999999997
2441,14236,0.875,0.8294374999999998,0.9969883146608842,0.6206896551724137,137.59999999999997
2442,23038,0.625,0.849375,0.9868931454041681,0.0,137.57142857142856
2443,12149,0.375,0.746875,0.62643055053608,1.0,137.55555555555551
2444,11479,0.3625,0.715625,0.6545717383447777,0.48275862068965514,137.54545454545453
2445,12633,0.6125,0.90625,0.62643055053608,0.48275862068965514,137.54545454545453
2446,24333,0.625,0.8275,0.9975906517287073,0.8275862068965517,137.49999999999997
2447,13646,0.8625,0.9252812499999999,0.7551740754126008,0.6206896551724137,137.49999999999997
2448,13034,0.625,0.9252812499999999,0.7551740754126008,0.6206896551724137,137.49999999999997
2449,11786,0.3625,0.75,0.9248042404529574,0.27586206896551724,137.48888888888885
2450,12149,0.375,0.746875,0.62643055053608,0.27586206896551724,137.46666666666664
2451,12178,0.375,0.70125,0.7658836284784966,0.48275862068965514,137.45454545454544
2452,10421,0.1125,0.82203125,0.9989157932779182,1.0,137.44444444444443
2453,12512,0.6125,0.746875,0.62643055053608,0.27586206896551724,137.4222222222222
2454,13061,0.625,0.871875,0.62643055053608,0.0,137.41428571428568
2455,13227,0.625,0.8368125,0.9940850499939766,0.6206896551724137,137.39999999999998
2456,12014,0.375,0.9375,0.6752463558607397,0.6896551724137931,137.38317757009344
2457,12484,0.6125,0.70125,0.7658836284784966,0.6896551724137931,137.38317757009344
2458,12089,0.375,0.82659375,0.8773762197325623,0.6896551724137931,137.38317757009344
2459,11479,0.3625,0.715625,0.6545717383447777,0.6896551724137931,137.38317757009344
2460,13186,0.625,0.70125,0.7658836284784966,0.6896551724137931,137.38317757009344
2461,13921,0.875,0.7068125000000001,0.7915190940850501,0.6896551724137931,137.38317757009344
2462,13233,0.625,0.7924375,0.9969883146608842,0.6896551724137931,137.38317757009344
2463,12820,0.6125,0.7876562500000001,0.8868570051800987,0.0,137.35714285714283
2464,13882,0.875,0.75,0.9248042404529574,0.0,137.34285714285713
2465,11286,0.125,0.8634375000000001,0.9629442235875195,0.27586206896551724,137.33333333333331
2466,10533,0.1125,0.8023125,0.8788820624021202,0.6206896551724137,137.29999999999998
2467,12638,0.6125,0.9252812499999999,0.7551740754126008,0.13793103448275862,137.29999999999998
2468,12548,0.6125,0.79528125,0.8773762197325623,1.0,137.29999999999998
2469,13022,0.625,0.9375,0.6752463558607397,0.48275862068965514,137.27272727272725
2470,10496,0.1125,0.746875,0.62643055053608,1.0,137.2222222222222
2471,13605,0.8625,0.8508437499999999,0.8653776653415252,0.0,137.2142857142857
2472,10630,0.1125,0.9375,0.6752463558607397,0.3448275862068966,137.2
2473,12026,0.375,0.9252812499999999,0.7551740754126008,0.6206896551724137,137.2
2474,12842,0.625,0.79634375,0.9860498735092157,0.6206896551724137,137.2
2475,12842,0.625,0.79634375,0.9860498735092157,0.3448275862068966,137.2
2476,11786,0.3625,0.75,0.9248042404529574,1.0,137.15555555555554
2477,22315,0.6125,0.7713125,0.9860619202505723,0.0,137.14285714285714
2478,10428,0.1125,0.7704375,0.9854234429586796,0.0,137.14285714285714
2479,13582,0.8625,0.833625,0.8749909649439825,0.0,137.14285714285714
2480,10496,0.1125,0.746875,0.62643055053608,0.27586206896551724,137.1111111111111
2481,12638,0.6125,0.9252812499999999,0.7551740754126008,0.3448275862068966,137.09999999999997
2482,13227,0.625,0.8368125,0.9940850499939766,0.3448275862068966,137.09999999999997
2483,12842,0.625,0.79634375,0.9860498735092157,0.13793103448275862,136.99999999999997
2484,13745,0.8625,0.6673125,0.7767256956993133,0.6206896551724137,136.99999999999997
2485,14131,0.875,0.8023125,0.8788820624021202,0.9655172413793103,136.98113207547166
2486,12115,0.375,0.8023125,0.8788820624021202,0.6206896551724137,136.92
2487,11222,0.125,0.756,0.9729671123960967,0.3448275862068966,136.89999999999998
2488,10622,0.1125,0.9252812499999999,0.7551740754126008,0.6206896551724137,136.89999999999998
2489,12549,0.6125,0.8023125,0.8788820624021202,0.6206896551724137,136.89
2490,11844,0.375,0.7876562500000001,0.8868570051800987,0.0,136.84285714285713
2491,11625,0.3625,0.90625,0.62643055053608,0.48275862068965514,136.81818181818178
2492,11018,0.125,0.9252812499999999,0.7551740754126008,0.6206896551724137,136.79999999999998
2493,11159,0.125,0.71875,0.62643055053608,0.9655172413793103,136.79245283018867
2494,14240,0.875,0.79984375,0.9989157932779182,0.9655172413793103,136.79245283018867
2495,12638,0.6125,0.9252812499999999,0.7551740754126008,0.9655172413793103,136.79245283018867
2496,11820,0.3625,0.79634375,0.9860498735092157,0.9655172413793103,136.79245283018867
2497,10826,0.125,0.79634375,0.9860498735092157,0.9655172413793103,136.79245283018867
2498,12026,0.375,0.9252812499999999,0.7551740754126008,0.9655172413793103,136.79245283018867
2499,11217,0.125,0.7924375,0.9969883146608842,0.6896551724137931,136.7289719626168
2500,11160,0.125,0.715625,0.62643055053608,0.8275862068965517,136.66666666666666
2501,23669,0.8625,0.805625,0.9877002770750511,0.8275862068965517,136.66666666666666
2502,14191,0.875,0.692,0.7440320443320082,1.0,136.66666666666663
2503,13070,0.625,0.8508437499999999,0.8653776653415252,0.0,136.64285714285714
2504,11614,0.3625,0.903125,0.6846187206360679,0.0,136.64285714285714
2505,10533,0.1125,0.8023125,0.8788820624021202,0.3448275862068966,136.64
2506,13041,0.625,0.90625,0.62643055053608,0.48275862068965514,136.63636363636363
2507,13186,0.625,0.70125,0.7658836284784966,0.48275862068965514,136.63636363636363
2508,13921,0.875,0.7068125000000001,0.7915190940850501,0.48275862068965514,136.63636363636363
2509,21077,0.8625,0.7618750000000001,0.9661366100469823,0.48275862068965514,136.63636363636363
2510,11081,0.125,0.82659375,0.8773762197325623,0.13793103448275862,136.62999999999997
2511,12114,0.375,0.79528125,0.8773762197325623,1.0,136.6222222222222
2512,14069,0.875,0.871875,0.62643055053608,0.0,136.6142857142857
2513,12597,0.6125,0.8508437499999999,0.8653776653415252,0.0,136.6
2514,11746,0.3625,0.7068125000000001,0.7915190940850501,0.6206896551724137,136.59999999999997
2515,11624,0.3625,0.90625,0.6545717383447777,1.0,136.58888888888887
2516,11491,0.3625,0.71875,0.62643055053608,0.0,136.58571428571426
2517,14172,0.875,0.746875,0.6534465727020841,0.0,136.57142857142856
2518,11140,0.125,0.75,0.62643055053608,0.0,136.57142857142856
2519,20958,0.3625,0.7618750000000001,0.9785086134200698,0.0,136.57142857142856
2520,11158,0.125,0.71875,0.7718949524153716,0.13793103448275862,136.56999999999996
2521,12499,0.6125,0.71875,0.62643055053608,0.27586206896551724,136.56666666666663
2522,13453,0.8625,0.7631875,0.9796651005902903,0.48275862068965514,136.45454545454544
2523,11170,0.125,0.70125,0.7658836284784966,0.6896551724137931,136.4485981308411
2524,12573,0.6125,0.82659375,0.8773762197325623,0.6896551724137931,136.4485981308411
2525,10468,0.1125,0.70125,0.7658836284784966,0.6896551724137931,136.4485981308411
2526,21077,0.8625,0.7618750000000001,0.9661366100469823,0.6896551724137931,136.4485981308411
2527,13762,0.8625,0.7068125000000001,0.7915190940850501,0.6896551724137931,136.4485981308411
2528,13034,0.625,0.9252812499999999,0.7551740754126008,0.13793103448275862,136.39999999999998
2529,13238,0.625,0.756,0.9729671123960967,0.6206896551724137,136.39999999999998
2530,13238,0.625,0.756,0.9729671123960967,0.3448275862068966,136.39999999999998
2531,13181,0.625,0.715625,0.6545717383447777,0.48275862068965514,136.36363636363635
2532,12115,0.375,0.8023125,0.8788820624021202,0.3448275862068966,136.33999999999997
2533,11222,0.125,0.756,0.9729671123960967,0.13793103448275862,136.29999999999998
2534,11630,0.3625,0.9252812499999999,0.7551740754126008,0.3448275862068966,136.29999999999998
2535,13528,0.8625,0.75,0.62643055053608,0.0,136.28571428571428
2536,12549,0.6125,0.8023125,0.8788820624021202,0.3448275862068966,136.27999999999997
2537,10420,0.1125,0.8294374999999998,0.9969883146608842,0.3448275862068966,136.2
2538,11271,0.125,0.8883125,0.9325864353692326,1.0,136.19999999999996
2539,12435,0.6125,0.8368125,0.9940850499939766,1.0,136.1111111111111
2540,13493,0.8625,0.706,0.7761354053728465,0.6206896551724137,136.09999999999997
2541,12484,0.6125,0.70125,0.7658836284784966,0.48275862068965514,136.09090909090907
2542,11025,0.125,0.90625,0.62643055053608,0.13793103448275862,136.07999999999998
2543,12347,0.6125,0.8189062500000001,0.8910372244307915,0.0,136.06142857142856
2544,12549,0.6125,0.8023125,0.8788820624021202,0.9655172413793103,136.0377358490566
2545,13830,0.8625,0.78125,0.9501746777496686,0.9655172413793103,136.0377358490566
2546,12473,0.6125,0.684375,0.6752463558607397,0.0,136.0285714285714
2547,12062,0.375,0.8508437499999999,0.8653776653415252,0.0,136.0142857142857
2548,11905,0.375,0.7068125000000001,0.7915190940850501,0.6206896551724137,135.99999999999997
2549,10617,0.1125,0.90625,0.62643055053608,0.13793103448275862,135.99999999999997
2550,14195,0.875,0.706,0.7761354053728465,0.6206896551724137,135.99999999999997
2551,13034,0.625,0.9252812499999999,0.7551740754126008,0.3448275862068966,135.99999999999997
2552,10897,0.125,0.7068125000000001,0.7915190940850501,0.13793103448275862,135.99999999999997
2553,14232,0.875,0.8586874999999999,0.9796651005902903,0.0,135.99999999999997
2554,11476,0.3625,0.70125,0.7658836284784966,0.48275862068965514,135.90909090909088
2555,10420,0.1125,0.8294374999999998,0.9969883146608842,0.6206896551724137,135.89999999999998
2556,14183,0.875,0.71875,0.62643055053608,0.3448275862068966,135.89999999999998
2557,10617,0.1125,0.90625,0.62643055053608,0.3448275862068966,135.89999999999998
2558,14042,0.875,0.9252812499999999,0.7551740754126008,0.6206896551724137,135.89999999999998
2559,13444,0.8625,0.8294374999999998,0.9969883146608842,0.27586206896551724,135.88888888888886
2560,12633,0.6125,0.90625,0.62643055053608,0.6896551724137931,135.8878504672897
2561,10416,0.1125,0.8586874999999999,0.9796651005902903,0.0,135.85714285714283
2562,13287,0.625,0.8883125,0.9325864353692326,0.0,135.85714285714283
2563,12754,0.6125,0.7068125000000001,0.7915190940850501,0.9655172413793103,135.84905660377356
2564,10738,0.1125,0.7068125000000001,0.7915190940850501,0.9655172413793103,135.84905660377356
2565,12218,0.375,0.844125,0.9902300927599084,0.9655172413793103,135.84905660377356
2566,13034,0.625,0.9252812499999999,0.7551740754126008,0.9655172413793103,135.84905660377356
2567,11359,0.3625,0.8503437500000001,0.9739549451873267,0.9655172413793103,135.84905660377356
2568,13314,0.625,0.82128125,0.9870015660763762,0.9655172413793103,135.84905660377356
2569,22864,0.3625,0.8369375,0.9818817009998795,0.9655172413793103,135.84905660377356
2570,12115,0.375,0.8023125,0.8788820624021202,0.13793103448275862,135.83999999999997
2571,14105,0.875,0.82659375,0.8773762197325623,0.8275862068965517,135.83333333333331
2572,13453,0.8625,0.7631875,0.9796651005902903,0.8275862068965517,135.83333333333331
2573,10471,0.1125,0.715625,0.6545717383447777,0.48275862068965514,135.81818181818178
2574,11158,0.125,0.71875,0.7718949524153716,0.3448275862068966,135.79999999999998
2575,12382,0.6125,0.8883125,0.9325864353692326,0.0,135.7142857142857
2576,14241,0.875,0.7924375,0.9969883146608842,0.0,135.7142857142857
2577,13768,0.8625,0.6875,0.7682568365257197,0.0,135.7142857142857
2578,11428,0.3625,0.8294374999999998,0.9969883146608842,0.6896551724137931,135.70093457943923
2579,13646,0.8625,0.9252812499999999,0.7551740754126008,0.3448275862068966,135.7
2580,12787,0.6125,0.76290625,0.9138296590772196,0.0,135.68571428571425
2581,12446,0.6125,0.756,0.9729671123960967,1.0,135.66666666666663
2582,12115,0.375,0.8023125,0.8788820624021202,0.9655172413793103,135.66037735849054
2583,11438,0.3625,0.756,0.9729671123960967,0.3448275862068966,135.59999999999997
2584,10478,0.1125,0.71875,0.7718949524153716,0.3448275862068966,135.59999999999997
2585,12026,0.375,0.9252812499999999,0.7551740754126008,0.3448275862068966,135.59999999999997
2586,11630,0.3625,0.9252812499999999,0.7551740754126008,0.13793103448275862,135.59999999999997
2587,23612,0.375,0.805625,0.9997470184315143,0.0,135.57142857142856
2588,13641,0.8625,0.90625,0.62643055053608,0.48275862068965514,135.54545454545453
2589,11427,0.3625,0.8368125,0.9940850499939766,0.6896551724137931,135.51401869158877
2590,13442,0.8625,0.844125,0.9902300927599084,0.6896551724137931,135.51401869158877
2591,11216,0.125,0.79984375,0.9989157932779182,0.6896551724137931,135.51401869158877
2592,12178,0.375,0.70125,0.7658836284784966,0.6896551724137931,135.51401869158877
2593,14236,0.875,0.8294374999999998,0.9969883146608842,0.6896551724137931,135.51401869158877
2594,14131,0.875,0.8023125,0.8788820624021202,0.3448275862068966,135.50999999999996
2595,11589,0.3625,0.8508437499999999,0.8653776653415252,0.0,135.49999999999997
2596,12549,0.6125,0.8023125,0.8788820624021202,0.13793103448275862,135.45999999999998
2597,14237,0.875,0.82203125,0.9989157932779182,0.27586206896551724,135.44444444444443
2598,22936,0.375,0.849375,0.9746536561860017,1.0,135.44444444444443
2599,10488,0.1125,0.746875,0.6534465727020841,0.0,135.42857142857142
2600,12913,0.625,0.7068125000000001,0.7915190940850501,0.6206896551724137,135.39999999999998
2601,12230,0.375,0.756,0.9729671123960967,0.27586206896551724,135.33333333333331
2602,11566,0.3625,0.833625,0.8749909649439825,1.0,135.31111111111107
2603,10483,0.1125,0.71875,0.62643055053608,0.3448275862068966,135.29999999999998
2604,13238,0.625,0.756,0.9729671123960967,0.13793103448275862,135.29999999999998
2605,11018,0.125,0.9252812499999999,0.7551740754126008,0.3448275862068966,135.29999999999998
2606,13654,0.8625,0.9375,0.6752463558607397,0.27586206896551724,135.29999999999998
2607,13175,0.625,0.71875,0.62643055053608,0.3448275862068966,135.2
2608,12446,0.6125,0.756,0.9729671123960967,0.27586206896551724,135.1111111111111
2609,12431,0.6125,0.865875,0.9729671123960967,1.0,135.1111111111111
2610,10622,0.1125,0.9252812499999999,0.7551740754126008,0.3448275862068966,135.09999999999997
2611,13361,0.8625,0.82128125,0.9870015660763762,0.13793103448275862,135.09999999999997
2612,23535,0.3625,0.7931874999999999,0.9851343211661244,0.3448275862068966,135.09999999999997
2613,12829,0.6125,0.8028437499999999,0.9873750150584266,0.9655172413793103,135.09433962264148
2614,13098,0.625,0.833625,0.8749909649439825,1.0,135.08888888888887
2615,13035,0.625,0.929875,0.7440320443320082,1.0,135.07777777777775
2616,23656,0.625,0.805625,0.9877002770750511,0.48275862068965514,134.99999999999997
2617,13361,0.8625,0.82128125,0.9870015660763762,0.6206896551724137,134.99999999999997
2618,13806,0.8625,0.7584375,0.9629442235875195,0.6206896551724137,134.99999999999997
2619,23535,0.3625,0.7931874999999999,0.9851343211661244,0.13793103448275862,134.99999999999997
2620,11045,0.125,0.871875,0.62643055053608,0.0,134.99999999999997
2621,11054,0.125,0.8508437499999999,0.8653776653415252,0.0,134.91428571428568
2622,12629,0.6125,0.90625,0.7389965064450066,0.0,134.91428571428568
2623,23544,0.3625,0.7931874999999999,0.9972292494880134,0.9655172413793103,134.90566037735846
2624,13507,0.8625,0.71875,0.62643055053608,0.9655172413793103,134.90566037735846
2625,11821,0.3625,0.8028437499999999,0.9873750150584266,0.9655172413793103,134.90566037735846
2626,11345,0.3625,0.82128125,0.9870015660763762,0.9655172413793103,134.90566037735846
2627,12828,0.6125,0.79634375,0.9860498735092157,0.9655172413793103,134.90566037735846
2628,13238,0.625,0.756,0.9729671123960967,0.9655172413793103,134.90566037735846
2629,11438,0.3625,0.756,0.9729671123960967,0.13793103448275862,134.89999999999998
2630,11158,0.125,0.71875,0.7718949524153716,0.6206896551724137,134.89999999999998
2631,13654,0.8625,0.9375,0.6752463558607397,0.13793103448275862,134.89999999999998
2632,10897,0.125,0.7068125000000001,0.7915190940850501,0.6206896551724137,134.89999999999998
2633,23008,0.625,0.849375,0.9746536561860017,1.0,134.88888888888886
2634,11222,0.125,0.756,0.9729671123960967,0.6206896551724137,134.79999999999998
2635,13361,0.8625,0.82128125,0.9870015660763762,0.3448275862068966,134.79999999999998
2636,23535,0.3625,0.7931874999999999,0.9851343211661244,0.6206896551724137,134.79999999999998
2637,10421,0.1125,0.82203125,0.9989157932779182,0.27586206896551724,134.77777777777774
2638,22244,0.3625,0.7713125,0.9860619202505723,0.9655172413793103,134.71698113207546
2639,14131,0.875,0.8023125,0.8788820624021202,0.6206896551724137,134.70999999999998
2640,11491,0.3625,0.71875,0.62643055053608,0.3448275862068966,134.7
2641,11337,0.3625,0.83165625,0.8878448379713287,0.0,134.65714285714284
2642,13762,0.8625,0.7068125000000001,0.7915190940850501,0.48275862068965514,134.63636363636363
2643,13802,0.8625,0.75,0.9248042404529574,0.9655172413793103,134.62264150943395
2644,22238,0.3625,0.7837500000000001,0.9813155041561258,0.6896551724137931,134.5794392523364
2645,11476,0.3625,0.70125,0.7658836284784966,0.6896551724137931,134.5794392523364
2646,13181,0.625,0.715625,0.6545717383447777,0.6896551724137931,134.5794392523364
2647,12646,0.6125,0.9375,0.6752463558607397,0.6896551724137931,134.5794392523364
2648,10471,0.1125,0.715625,0.6545717383447777,0.6896551724137931,134.5794392523364
2649,14106,0.875,0.833625,0.8749909649439825,0.27586206896551724,134.56666666666663
2650,23534,0.3625,0.805625,0.9877002770750511,0.48275862068965514,134.54545454545453
2651,12574,0.6125,0.833625,0.8749909649439825,0.27586206896551724,134.54444444444442
2652,12028,0.375,0.90625,0.6545717383447777,1.0,134.52222222222218
2653,11298,0.125,0.82128125,0.9870015660763762,0.13793103448275862,134.49999999999997
2654,12026,0.375,0.9252812499999999,0.7551740754126008,0.13793103448275862,134.49999999999997
2655,10415,0.1125,0.865875,0.9729671123960967,1.0,134.44444444444443
2656,14244,0.875,0.7704375,0.9854234429586796,0.0,134.42857142857142
2657,21092,0.625,0.7618750000000001,0.9785086134200698,0.0,134.42857142857142
2658,12031,0.375,0.90625,0.7389965064450066,0.0,134.41428571428568
2659,13646,0.8625,0.9252812499999999,0.7551740754126008,0.13793103448275862,134.39999999999998
2660,11298,0.125,0.82128125,0.9870015660763762,0.3448275862068966,134.39999999999998
2661,14042,0.875,0.9252812499999999,0.7551740754126008,0.3448275862068966,134.39999999999998
2662,10853,0.125,0.7584375,0.9629442235875195,0.3448275862068966,134.39999999999998
2663,11625,0.3625,0.90625,0.62643055053608,0.6896551724137931,134.39252336448595
2664,13322,0.625,0.83165625,0.8878448379713287,0.0,134.37142857142857
2665,12493,0.6125,0.715625,0.62643055053608,0.13793103448275862,134.34999999999997
2666,12294,0.375,0.8634375000000001,0.9629442235875195,1.0,134.33333333333331
2667,11159,0.125,0.71875,0.62643055053608,0.13793103448275862,134.29999999999998
2668,13502,0.8625,0.71875,0.7718949524153716,0.13793103448275862,134.23
2669,11168,0.125,0.6875,0.7324515118660402,1.0,134.2222222222222
2670,14182,0.875,0.71875,0.7718949524153716,0.3448275862068966,134.2
2671,10478,0.1125,0.71875,0.7718949524153716,0.6206896551724137,134.2
2672,11345,0.3625,0.82128125,0.9870015660763762,0.3448275862068966,134.2
2673,11217,0.125,0.7924375,0.9969883146608842,0.8275862068965517,134.16666666666666
2674,11212,0.125,0.8294374999999998,0.9969883146608842,0.8275862068965517,134.16666666666666
2675,13654,0.8625,0.9375,0.6752463558607397,0.8275862068965517,134.16666666666666
2676,11298,0.125,0.82128125,0.9870015660763762,0.6206896551724137,134.09999999999997
2677,13806,0.8625,0.7584375,0.9629442235875195,0.3448275862068966,134.09999999999997
2678,13314,0.625,0.82128125,0.9870015660763762,0.3448275862068966,134.09999999999997
2679,11345,0.3625,0.82128125,0.9870015660763762,0.13793103448275862,134.09999999999997
2680,12639,0.6125,0.929875,0.7440320443320082,0.27586206896551724,134.06666666666663
2681,14130,0.875,0.79528125,0.8773762197325623,1.0,134.05555555555551
2682,14103,0.875,0.8195625,0.8788820624021202,0.6896551724137931,134.01869158878503
2683,13314,0.625,0.82128125,0.9870015660763762,0.13793103448275862,133.99999999999997
2684,11345,0.3625,0.82128125,0.9870015660763762,0.6206896551724137,133.99999999999997
2685,22319,0.375,0.77128125,0.9860257800265027,0.0,133.99999999999997
2686,23016,0.625,0.83690625,0.9819057944825923,0.9655172413793103,133.96226415094338
2687,14106,0.875,0.833625,0.8749909649439825,0.9655172413793103,133.96226415094338
2688,10558,0.1125,0.833625,0.8749909649439825,0.9655172413793103,133.96226415094338
2689,14182,0.875,0.71875,0.7718949524153716,0.9655172413793103,133.96226415094338
2690,10478,0.1125,0.71875,0.7718949524153716,0.9655172413793103,133.96226415094338
2691,13646,0.8625,0.9252812499999999,0.7551740754126008,0.9655172413793103,133.96226415094338
2692,22322,0.375,0.7837500000000001,0.9934586194434405,0.9655172413793103,133.96226415094338
2693,12434,0.6125,0.844125,0.9902300927599084,0.9655172413793103,133.96226415094338
2694,22318,0.6125,0.7837500000000001,0.9934586194434405,0.9655172413793103,133.96226415094338
2695,12913,0.625,0.7068125000000001,0.7915190940850501,0.9655172413793103,133.96226415094338
2696,12219,0.375,0.8368125,0.9940850499939766,0.9655172413793103,133.96226415094338
2697,23684,0.625,0.805625,0.9997470184315143,0.9655172413793103,133.96226415094338
2698,22896,0.12499999999999992,0.83690625,0.9940368630285508,0.9655172413793103,133.96226415094338
2699,13314,0.625,0.82128125,0.9870015660763762,0.6206896551724137,133.89999999999998
2700,10853,0.125,0.7584375,0.9629442235875195,0.13793103448275862,133.89999999999998
2701,10329,0.1125,0.83165625,0.8878448379713287,1.0,133.89999999999998
2702,13184,0.625,0.6875,0.7324515118660402,0.27586206896551724,133.88888888888886
2703,11007,0.125,0.9375,0.6996542585230695,0.27586206896551724,133.88888888888886
2704,13035,0.625,0.929875,0.7440320443320082,0.27586206896551724,133.83333333333331
2705,11438,0.3625,0.756,0.9729671123960967,0.6206896551724137,133.79999999999998
2706,23664,0.625,0.79315625,0.9851222744247681,0.3448275862068966,133.79999999999998
2707,11786,0.3625,0.75,0.9248042404529574,0.9655172413793103,133.77358490566036
2708,13454,0.8625,0.756,0.9729671123960967,0.3448275862068966,133.7
2709,14195,0.875,0.706,0.7761354053728465,0.3448275862068966,133.7
2710,23664,0.625,0.79315625,0.9851222744247681,0.6206896551724137,133.7
2711,23664,0.625,0.79315625,0.9851222744247681,0.13793103448275862,133.7
2712,13390,0.8625,0.8883125,0.9325864353692326,1.0,133.66666666666663
2713,12367,0.6125,0.8503437500000001,0.9739549451873267,0.6896551724137931,133.64485981308408
2714,14189,0.875,0.715625,0.6545717383447777,0.6896551724137931,133.64485981308408
2715,11286,0.125,0.8634375000000001,0.9629442235875195,0.6896551724137931,133.64485981308408
2716,22936,0.375,0.849375,0.9746536561860017,0.6896551724137931,133.64485981308408
2717,14030,0.875,0.9375,0.6752463558607397,0.6896551724137931,133.64485981308408
2718,13454,0.8625,0.756,0.9729671123960967,0.6206896551724137,133.59999999999997
2719,13390,0.8625,0.8883125,0.9325864353692326,0.27586206896551724,133.55555555555551
2720,12033,0.375,0.90625,0.62643055053608,0.6896551724137931,133.55140186915887
2721,13123,0.625,0.8023125,0.8788820624021202,0.27586206896551724,133.5333333333333
2722,10622,0.1125,0.9252812499999999,0.7551740754126008,0.13793103448275862,133.49999999999997
2723,11082,0.125,0.833625,0.8749909649439825,1.0,133.47777777777776
2724,14189,0.875,0.715625,0.6545717383447777,0.48275862068965514,133.45454545454544
2725,12176,0.375,0.6875,0.7324515118660402,0.27586206896551724,133.44444444444443
2726,11020,0.125,0.90625,0.6545717383447777,1.0,133.44444444444443
2727,11428,0.3625,0.8294374999999998,0.9969883146608842,0.0,133.42857142857142
2728,22964,0.375,0.849375,0.9868931454041681,0.0,133.42857142857142
2729,14195,0.875,0.706,0.7761354053728465,0.13793103448275862,133.39999999999998
2730,10623,0.1125,0.929875,0.7440320443320082,1.0,133.39999999999998
2731,13039,0.625,0.90625,0.7389965064450066,0.0,133.38571428571427
2732,11286,0.125,0.8634375000000001,0.9629442235875195,0.8275862068965517,133.33333333333331
2733,12874,0.625,0.75,0.9248042404529574,0.9655172413793103,133.30188679245282
2734,14042,0.875,0.9252812499999999,0.7551740754126008,0.13793103448275862,133.29999999999998
2735,12632,0.6125,0.90625,0.6545717383447777,0.27586206896551724,133.29999999999998
2736,23616,0.6125,0.805625,0.9997470184315143,0.0,133.28571428571428
2737,20916,0.125,0.7618750000000001,0.9661366100469823,0.48275862068965514,133.27272727272725
2738,13036,0.625,0.90625,0.6545717383447777,0.27586206896551724,133.2444444444444
2739,23613,0.375,0.79315625,0.9972172027466569,1.0,133.2222222222222
2740,12176,0.375,0.6875,0.7324515118660402,1.0,133.2222222222222
2741,13830,0.8625,0.78125,0.9501746777496686,0.6206896551724137,133.20999999999998
2742,14182,0.875,0.71875,0.7718949524153716,0.6206896551724137,133.2
2743,13175,0.625,0.71875,0.62643055053608,0.6206896551724137,133.2
2744,11874,0.375,0.76290625,0.9138296590772196,0.0,133.15714285714284
2745,10558,0.1125,0.833625,0.8749909649439825,0.27586206896551724,133.1333333333333
2746,23008,0.625,0.849375,0.9746536561860017,0.27586206896551724,133.1111111111111
2747,14234,0.875,0.844125,0.9902300927599084,1.0,133.1111111111111
2748,12435,0.6125,0.8368125,0.9940850499939766,0.27586206896551724,133.1111111111111
2749,21096,0.8625,0.7618750000000001,0.9785086134200698,0.6206896551724137,133.09999999999997
2750,11018,0.125,0.9252812499999999,0.7551740754126008,0.13793103448275862,133.09999999999997
2751,23613,0.375,0.79315625,0.9972172027466569,0.9655172413793103,133.01886792452828
2752,11905,0.375,0.7068125000000001,0.7915190940850501,0.9655172413793103,133.01886792452828
2753,12435,0.6125,0.8368125,0.9940850499939766,0.9655172413793103,133.01886792452828
2754,14237,0.875,0.82203125,0.9989157932779182,0.9655172413793103,133.01886792452828
2755,11746,0.3625,0.7068125000000001,0.7915190940850501,0.9655172413793103,133.01886792452828
2756,13300,0.625,0.8503437500000001,0.9739549451873267,0.9655172413793103,133.01886792452828
2757,21648,0.375,0.85878125,0.9672328635104203,0.9655172413793103,133.01886792452828
2758,13097,0.625,0.82659375,0.8773762197325623,0.48275862068965514,132.99999999999997
2759,13836,0.8625,0.79634375,0.9860498735092157,0.3448275862068966,132.99999999999997
2760,13836,0.8625,0.79634375,0.9860498735092157,0.13793103448275862,132.99999999999997
2761,23617,0.6125,0.7931874999999999,0.9972292494880134,0.27586206896551724,132.99999999999997
2762,13228,0.625,0.8294374999999998,0.9969883146608842,0.0,132.99999999999997
2763,13684,0.8625,0.934375,0.7682568365257197,0.0,132.98571428571427
2764,13581,0.8625,0.82659375,0.8773762197325623,0.13793103448275862,132.92999999999998
2765,10469,0.1125,0.706,0.7761354053728465,0.3448275862068966,132.89999999999998
2766,12230,0.375,0.756,0.9729671123960967,1.0,132.88888888888886
2767,10483,0.1125,0.71875,0.62643055053608,0.6206896551724137,132.79999999999998
2768,13454,0.8625,0.756,0.9729671123960967,0.13793103448275862,132.79999999999998
2769,13836,0.8625,0.79634375,0.9860498735092157,0.6206896551724137,132.79999999999998
2770,10556,0.1125,0.8195625,0.8788820624021202,0.48275862068965514,132.76363636363635
2771,13228,0.625,0.8294374999999998,0.9969883146608842,0.6896551724137931,132.71028037383175
2772,11433,0.3625,0.7924375,0.9969883146608842,0.6896551724137931,132.71028037383175
2773,12440,0.6125,0.79984375,0.9989157932779182,0.6896551724137931,132.71028037383175
2774,10630,0.1125,0.9375,0.6752463558607397,1.0,132.66666666666663
2775,10532,0.1125,0.79528125,0.8773762197325623,0.9655172413793103,132.64150943396226
2776,11222,0.125,0.756,0.9729671123960967,0.9655172413793103,132.64150943396226
2777,14030,0.875,0.9375,0.6752463558607397,0.48275862068965514,132.63636363636363
2778,11631,0.3625,0.929875,0.7440320443320082,0.27586206896551724,132.6333333333333
2779,10830,0.125,0.78125,0.9501746777496686,0.13793103448275862,132.59999999999997
2780,12219,0.375,0.8368125,0.9940850499939766,1.0,132.55555555555554
2781,11624,0.3625,0.90625,0.6545717383447777,0.27586206896551724,132.55555555555554
2782,12869,0.625,0.7584375,0.9629442235875195,1.0,132.55555555555554
2783,12224,0.375,0.79984375,0.9989157932779182,0.48275862068965514,132.54545454545453
2784,13195,0.625,0.684375,0.6752463558607397,0.0,132.54285714285712
2785,13449,0.8625,0.7924375,0.9969883146608842,0.8275862068965517,132.49999999999997
2786,13444,0.8625,0.8294374999999998,0.9969883146608842,0.8275862068965517,132.49999999999997
2787,13443,0.8625,0.8368125,0.9940850499939766,0.8275862068965517,132.49999999999997
2788,11491,0.3625,0.71875,0.62643055053608,0.6206896551724137,132.49999999999997
2789,10826,0.125,0.79634375,0.9860498735092157,0.3448275862068966,132.49999999999997
2790,21096,0.8625,0.7618750000000001,0.9785086134200698,0.3448275862068966,132.49999999999997
2791,11565,0.3625,0.82659375,0.8773762197325623,0.48275862068965514,132.45454545454544
2792,12215,0.375,0.865875,0.9729671123960967,1.0,132.44444444444443
2793,12217,0.375,0.8514375,0.9854234429586796,1.0,132.44444444444443
2794,22394,0.8625,0.7837500000000001,0.9934586194434405,0.0,132.42857142857142
2795,22968,0.6125,0.849375,0.9868931454041681,0.0,132.42857142857142
2796,11420,0.3625,0.8870625000000001,0.9472834598241175,0.0,132.42857142857142
2797,10826,0.125,0.79634375,0.9860498735092157,0.13793103448275862,132.39999999999998
2798,11564,0.3625,0.8195625,0.8788820624021202,1.0,132.3444444444444
2799,11621,0.3625,0.90625,0.7389965064450066,0.0,132.34285714285713
2800,11473,0.3625,0.6875,0.7324515118660402,1.0,132.33333333333331
2801,22872,0.3625,0.849375,0.9746536561860017,1.0,132.33333333333331
2802,11168,0.125,0.6875,0.7324515118660402,0.27586206896551724,132.29999999999998
2803,11541,0.3625,0.8023125,0.8788820624021202,0.27586206896551724,132.27777777777774
2804,13036,0.625,0.90625,0.6545717383447777,1.0,132.26666666666665
2805,10853,0.125,0.7584375,0.9629442235875195,0.6206896551724137,132.2
2806,22892,0.3625,0.8369375,0.9940127695458378,0.0,132.14285714285714
2807,10457,0.1125,0.684375,0.6752463558607397,0.0,132.14285714285714
2808,13806,0.8625,0.7584375,0.9629442235875195,0.13793103448275862,132.09999999999997
2809,13654,0.8625,0.9375,0.6752463558607397,0.48275862068965514,132.09090909090907
2810,13175,0.625,0.71875,0.62643055053608,0.9655172413793103,132.07547169811318
2811,14042,0.875,0.9252812499999999,0.7551740754126008,0.9655172413793103,132.07547169811318
2812,11834,0.375,0.79634375,0.9860498735092157,0.9655172413793103,132.07547169811318
2813,13302,0.625,0.8634375000000001,0.9629442235875195,0.9655172413793103,132.07547169811318
2814,13830,0.8625,0.78125,0.9501746777496686,0.3448275862068966,132.04999999999998
2815,10826,0.125,0.79634375,0.9860498735092157,0.6206896551724137,131.99999999999997
2816,10830,0.125,0.78125,0.9501746777496686,0.3448275862068966,131.99999999999997
2817,13851,0.875,0.8028437499999999,0.9873750150584266,0.0,131.99999999999997
2818,12279,0.375,0.8883125,0.9325864353692326,0.0,131.99999999999997
2819,10875,0.125,0.746875,0.884001927478617,0.0,131.99999999999997
2820,21021,0.6125,0.765,0.981195036742561,0.9655172413793103,131.98113207547166
2821,14067,0.875,0.875,0.8155402963498374,0.0,131.9142857142857
2822,13493,0.8625,0.706,0.7761354053728465,0.3448275862068966,131.89999999999998
2823,10415,0.1125,0.865875,0.9729671123960967,0.27586206896551724,131.88888888888886
2824,10465,0.1125,0.6875,0.7324515118660402,0.0,131.85714285714283
2825,12028,0.375,0.90625,0.6545717383447777,0.27586206896551724,131.8222222222222
2826,13495,0.8625,0.715625,0.6545717383447777,0.48275862068965514,131.81818181818178
2827,13802,0.8625,0.75,0.9248042404529574,0.6206896551724137,131.79999999999998
2828,13490,0.8625,0.692,0.7440320443320082,0.27586206896551724,131.77777777777774
2829,12869,0.625,0.7584375,0.9629442235875195,0.27586206896551724,131.77777777777774
2830,13041,0.625,0.90625,0.62643055053608,0.6896551724137931,131.77570093457942
2831,12353,0.6125,0.82128125,0.9870015660763762,0.6896551724137931,131.77570093457942
2832,22360,0.625,0.7837500000000001,0.9813155041561258,0.6896551724137931,131.77570093457942
2833,13022,0.625,0.9375,0.6752463558607397,0.6896551724137931,131.77570093457942
2834,11486,0.3625,0.71875,0.7718949524153716,0.6896551724137931,131.77570093457942
2835,11006,0.125,0.9375,0.6752463558607397,0.6896551724137931,131.77570093457942
2836,13237,0.625,0.7631875,0.9796651005902903,0.6896551724137931,131.77570093457942
2837,21096,0.8625,0.7618750000000001,0.9785086134200698,0.13793103448275862,131.7
2838,13641,0.8625,0.90625,0.62643055053608,0.6896551724137931,131.68224299065417
2839,22373,0.8625,0.7837500000000001,0.9813155041561258,0.8275862068965517,131.66666666666666
2840,14241,0.875,0.7924375,0.9969883146608842,0.8275862068965517,131.66666666666666
2841,12633,0.6125,0.90625,0.62643055053608,0.8275862068965517,131.66666666666666
2842,13227,0.625,0.8368125,0.9940850499939766,0.8275862068965517,131.66666666666666
2843,22248,0.3625,0.7837500000000001,0.9934586194434405,1.0,131.66666666666663
2844,12843,0.625,0.8028437499999999,0.9873750150584266,1.0,131.66666666666663
2845,14309,0.875,0.85690625,0.96883508011083,0.13793103448275862,131.59999999999997
2846,13830,0.8625,0.78125,0.9501746777496686,0.13793103448275862,131.59999999999997
2847,10556,0.1125,0.8195625,0.8788820624021202,0.6896551724137931,131.58878504672896
2848,24333,0.625,0.8275,0.9975906517287073,1.0,131.55555555555554
2849,12219,0.375,0.8368125,0.9940850499939766,0.27586206896551724,131.55555555555554
2850,12843,0.625,0.8028437499999999,0.9873750150584266,0.27586206896551724,131.55555555555554
2851,14183,0.875,0.71875,0.62643055053608,0.6206896551724137,131.49999999999997
2852,11165,0.125,0.715625,0.6545717383447777,0.48275862068965514,131.45454545454544
2853,12882,0.625,0.76290625,0.9138296590772196,0.0,131.42857142857142
2854,13785,0.8625,0.746875,0.884001927478617,0.0,131.42857142857142
2855,13095,0.625,0.8195625,0.8788820624021202,0.9655172413793103,131.4150943396226
2856,22315,0.6125,0.7713125,0.9860619202505723,0.6896551724137931,131.40186915887847
2857,20949,0.125,0.7618750000000001,0.9785086134200698,0.3448275862068966,131.39999999999998
2858,12440,0.6125,0.79984375,0.9989157932779182,0.48275862068965514,131.36363636363635
2859,11491,0.3625,0.71875,0.62643055053608,0.27586206896551724,131.35555555555553
2860,10593,0.1125,0.875,0.8155402963498374,0.0,131.34285714285713
2861,20949,0.125,0.7618750000000001,0.9785086134200698,0.13793103448275862,131.29999999999998
2862,11154,0.125,0.71875,0.655524635586074,0.0,131.28571428571428
2863,10813,0.1125,0.8028437499999999,0.9873750150584266,0.0,131.28571428571428
2864,14042,0.875,0.9252812499999999,0.7551740754126008,1.0,131.27777777777774
2865,11564,0.3625,0.8195625,0.8788820624021202,0.9655172413793103,131.2264150943396
2866,12760,0.6125,0.6875,0.7682568365257197,1.0,131.2222222222222
2867,22872,0.3625,0.849375,0.9746536561860017,0.27586206896551724,131.2222222222222
2868,11486,0.3625,0.71875,0.7718949524153716,0.48275862068965514,131.18181818181816
2869,13095,0.625,0.8195625,0.8788820624021202,1.0,131.15555555555554
2870,11617,0.3625,0.903125,0.7718949524153716,0.27586206896551724,131.14444444444442
2871,24309,0.8625,0.8150625,0.9877966510059029,0.0,131.14285714285714
2872,23540,0.12499999999999992,0.79315625,0.9972172027466569,0.9655172413793103,131.1320754716981
2873,10483,0.1125,0.71875,0.62643055053608,0.9655172413793103,131.1320754716981
2874,14183,0.875,0.71875,0.62643055053608,0.9655172413793103,131.1320754716981
2875,22391,0.625,0.77128125,0.9860257800265027,0.9655172413793103,131.1320754716981
2876,11491,0.3625,0.71875,0.62643055053608,0.9655172413793103,131.1320754716981
2877,10584,0.1125,0.871875,0.6538959161546801,0.0,131.1285714285714
2878,11821,0.3625,0.8028437499999999,0.9873750150584266,0.27586206896551724,131.1111111111111
2879,11790,0.3625,0.7584375,0.9629442235875195,0.27586206896551724,131.1111111111111
2880,11730,0.3625,0.6714375,0.7905914950006022,0.9655172413793103,131.0377358490566
2881,24194,0.125,0.8275,0.9975906517287073,0.48275862068965514,130.99999999999997
2882,13493,0.8625,0.706,0.7761354053728465,0.13793103448275862,130.99999999999997
2883,10830,0.125,0.78125,0.9501746777496686,0.6206896551724137,130.99999999999997
2884,23617,0.6125,0.7931874999999999,0.9972292494880134,1.0,130.99999999999997
2885,13837,0.8625,0.8028437499999999,0.9873750150584266,1.0,130.99999999999997
2886,22249,0.125,0.7837500000000001,0.9934586194434405,0.0,130.99999999999997
2887,23039,0.625,0.83690625,0.9940368630285508,0.0,130.99999999999997
2888,12292,0.375,0.8503437500000001,0.9739549451873267,0.0,130.92857142857142
2889,10532,0.1125,0.79528125,0.8773762197325623,0.6206896551724137,130.90999999999997
2890,14231,0.875,0.865875,0.9729671123960967,0.27586206896551724,130.88888888888886
2891,11790,0.3625,0.7584375,0.9629442235875195,1.0,130.88888888888886
2892,13506,0.8625,0.71875,0.655524635586074,0.0,130.85714285714283
2893,10858,0.125,0.75,0.9248042404529574,0.9655172413793103,130.84905660377356
2894,13495,0.8625,0.715625,0.6545717383447777,0.6896551724137931,130.8411214953271
2895,12292,0.375,0.8503437500000001,0.9739549451873267,0.6896551724137931,130.8411214953271
2896,23035,0.8625,0.8369375,0.9940127695458378,0.6896551724137931,130.8411214953271
2897,24259,0.375,0.8275,0.9975906517287073,0.6896551724137931,130.8411214953271
2898,24194,0.125,0.8275,0.9975906517287073,0.8275862068965517,130.83333333333331
2899,10420,0.1125,0.8294374999999998,0.9969883146608842,0.8275862068965517,130.83333333333331
2900,12436,0.6125,0.8294374999999998,0.9969883146608842,0.8275862068965517,130.83333333333331
2901,10425,0.1125,0.7924375,0.9969883146608842,0.8275862068965517,130.83333333333331
2902,12220,0.375,0.8294374999999998,0.9969883146608842,0.8275862068965517,130.83333333333331
2903,11638,0.3625,0.9375,0.6752463558607397,0.8275862068965517,130.83333333333331
2904,11625,0.3625,0.90625,0.62643055053608,0.8275862068965517,130.83333333333331
2905,14183,0.875,0.71875,0.62643055053608,0.13793103448275862,130.79999999999998
2906,12167,0.375,0.71875,0.62643055053608,0.3448275862068966,130.79999999999998
2907,12891,0.625,0.746875,0.884001927478617,0.0,130.78571428571428
2908,14234,0.875,0.844125,0.9902300927599084,0.27586206896551724,130.77777777777774
2909,10827,0.125,0.8028437499999999,0.9873750150584266,0.27586206896551724,130.77777777777774
2910,13890,0.875,0.76290625,0.9138296590772196,0.0,130.77142857142854
2911,11564,0.3625,0.8195625,0.8788820624021202,0.6206896551724137,130.74999999999997
2912,12014,0.375,0.9375,0.6752463558607397,0.48275862068965514,130.72727272727272
2913,13174,0.625,0.71875,0.7718949524153716,0.48275862068965514,130.72727272727272
2914,13095,0.625,0.8195625,0.8788820624021202,0.6206896551724137,130.70999999999998
2915,13640,0.8625,0.90625,0.6545717383447777,1.0,130.66666666666663
2916,11221,0.125,0.7631875,0.9796651005902903,0.48275862068965514,130.63636363636363
2917,12828,0.6125,0.79634375,0.9860498735092157,0.3448275862068966,130.59999999999997
2918,12608,0.6125,0.871875,0.62643055053608,0.0,130.55714285714285
2919,13837,0.8625,0.8028437499999999,0.9873750150584266,0.27586206896551724,130.55555555555554
2920,10623,0.1125,0.929875,0.7440320443320082,0.27586206896551724,130.55555555555554
2921,24190,0.3625,0.8275,0.9975906517287073,0.27586206896551724,130.55555555555554
2922,13851,0.875,0.8028437499999999,0.9873750150584266,0.9655172413793103,130.47169811320754
2923,11769,0.3625,0.746875,0.884001927478617,0.0,130.47142857142856
2924,11270,0.125,0.8816875,0.9419226599204914,1.0,130.44444444444443
2925,13043,0.625,0.903125,0.7718949524153716,0.27586206896551724,130.4222222222222
2926,11631,0.3625,0.929875,0.7440320443320082,1.0,130.4222222222222
2927,13439,0.8625,0.865875,0.9729671123960967,0.13793103448275862,130.39999999999998
2928,10469,0.1125,0.706,0.7761354053728465,0.13793103448275862,130.39999999999998
2929,10469,0.1125,0.706,0.7761354053728465,0.6206896551724137,130.39999999999998
2930,10858,0.125,0.75,0.9248042404529574,0.13793103448275862,130.39999999999998
2931,14131,0.875,0.8023125,0.8788820624021202,0.13793103448275862,130.36999999999998
2932,12369,0.6125,0.8634375000000001,0.9629442235875195,1.0,130.33333333333331
2933,14231,0.875,0.865875,0.9729671123960967,1.0,130.33333333333331
2934,11079,0.125,0.8195625,0.8788820624021202,0.27586206896551724,130.33333333333331
2935,13582,0.8625,0.833625,0.8749909649439825,1.0,130.33333333333331
2936,12499,0.6125,0.71875,0.62643055053608,0.3448275862068966,130.29999999999998
2937,12828,0.6125,0.79634375,0.9860498735092157,0.13793103448275862,130.29999999999998
2938,10977,0.125,0.934375,0.7682568365257197,0.0,130.28571428571428
2939,13580,0.8625,0.8195625,0.8788820624021202,0.9655172413793103,130.2830188679245
2940,11465,0.3625,0.684375,0.6752463558607397,0.0,130.2285714285714
2941,11564,0.3625,0.8195625,0.8788820624021202,0.13793103448275862,130.21999999999997
2942,23689,0.8625,0.7931874999999999,0.9972292494880134,0.13793103448275862,130.2
2943,12828,0.6125,0.79634375,0.9860498735092157,0.6206896551724137,130.2
2944,10417,0.1125,0.8514375,0.9854234429586796,0.9655172413793103,130.188679245283
2945,12574,0.6125,0.833625,0.8749909649439825,0.9655172413793103,130.188679245283
2946,22892,0.3625,0.8369375,0.9940127695458378,0.9655172413793103,130.188679245283
2947,10897,0.125,0.7068125000000001,0.7915190940850501,0.9655172413793103,130.188679245283
2948,13223,0.625,0.865875,0.9729671123960967,0.9655172413793103,130.188679245283
2949,10430,0.1125,0.756,0.9729671123960967,0.0,130.14285714285714
2950,10533,0.1125,0.8023125,0.8788820624021202,0.13793103448275862,130.12999999999997
2951,12008,0.375,0.9375,0.7240621611853992,0.0,130.1285714285714
2952,10418,0.1125,0.844125,0.9902300927599084,0.27586206896551724,130.1111111111111
2953,22248,0.3625,0.7837500000000001,0.9934586194434405,0.27586206896551724,130.1111111111111
2954,22390,0.625,0.7837500000000001,0.9934586194434405,1.0,130.1111111111111
2955,10483,0.1125,0.71875,0.62643055053608,0.13793103448275862,130.09999999999997
2956,14200,0.875,0.6875,0.62643055053608,0.6206896551724137,130.09999999999997
2957,20949,0.125,0.7618750000000001,0.9785086134200698,0.6206896551724137,130.09999999999997
2958,11834,0.375,0.79634375,0.9860498735092157,0.3448275862068966,130.09999999999997
2959,14245,0.875,0.7631875,0.9796651005902903,0.6896551724137931,130.09345794392522
2960,12306,0.375,0.82128125,0.9870015660763762,0.48275862068965514,130.09090909090907
2961,13557,0.8625,0.8023125,0.8788820624021202,0.27586206896551724,130.08888888888887
2962,12033,0.375,0.90625,0.62643055053608,0.8275862068965517,129.99999999999997
2963,22387,0.8625,0.7713125,0.9860619202505723,0.8275862068965517,129.99999999999997
2964,21095,0.8625,0.765,0.981195036742561,0.8275862068965517,129.99999999999997
2965,13502,0.8625,0.71875,0.7718949524153716,0.6206896551724137,129.99999999999997
2966,11361,0.3625,0.8634375000000001,0.9629442235875195,0.13793103448275862,129.99999999999997
2967,23689,0.8625,0.7931874999999999,0.9972292494880134,0.3448275862068966,129.99999999999997
2968,14043,0.875,0.929875,0.7440320443320082,0.27586206896551724,129.99999999999997
2969,10457,0.1125,0.684375,0.6752463558607397,1.0,129.99999999999997
2970,13095,0.625,0.8195625,0.8788820624021202,0.3448275862068966,129.96999999999997
2971,11729,0.3625,0.6673125,0.7767256956993133,0.6896551724137931,129.90654205607476
2972,12224,0.375,0.79984375,0.9989157932779182,0.6896551724137931,129.90654205607476
2973,23689,0.8625,0.7931874999999999,0.9972292494880134,0.6896551724137931,129.90654205607476
2974,12306,0.375,0.82128125,0.9870015660763762,0.6896551724137931,129.90654205607476
2975,12441,0.6125,0.7924375,0.9969883146608842,0.6896551724137931,129.90654205607476
2976,13439,0.8625,0.865875,0.9729671123960967,0.6896551724137931,129.90654205607476
2977,13174,0.625,0.71875,0.7718949524153716,0.6896551724137931,129.90654205607476
2978,11165,0.125,0.715625,0.6545717383447777,0.6896551724137931,129.90654205607476
2979,11834,0.375,0.79634375,0.9860498735092157,0.13793103448275862,129.89999999999998
2980,11361,0.3625,0.8634375000000001,0.9629442235875195,0.6206896551724137,129.89999999999998
2981,11216,0.125,0.79984375,0.9989157932779182,0.13793103448275862,129.89999999999998
2982,11564,0.3625,0.8195625,0.8788820624021202,0.3448275862068966,129.89
2983,13850,0.875,0.79634375,0.9860498735092157,1.0,129.88888888888886
2984,22949,0.6125,0.849375,0.9746536561860017,1.0,129.88888888888886
2985,14103,0.875,0.8195625,0.8788820624021202,0.48275862068965514,129.85454545454544
2986,13095,0.625,0.8195625,0.8788820624021202,0.13793103448275862,129.83999999999997
2987,12434,0.6125,0.844125,0.9902300927599084,0.13793103448275862,129.79999999999998
2988,12179,0.375,0.706,0.7761354053728465,0.13793103448275862,129.79999999999998
2989,10630,0.1125,0.9375,0.6752463558607397,0.13793103448275862,129.79999999999998
2990,11171,0.125,0.706,0.7761354053728465,0.3448275862068966,129.79999999999998
2991,13502,0.8625,0.71875,0.7718949524153716,0.3448275862068966,129.79999999999998
2992,24190,0.3625,0.8275,0.9975906517287073,1.0,129.77777777777774
2993,23613,0.375,0.79315625,0.9972172027466569,0.27586206896551724,129.77777777777774
2994,13937,0.875,0.66328125,0.762462353933261,1.0,129.77777777777774
2995,24335,0.8625,0.8275,0.9975906517287073,0.48275862068965514,129.72727272727272
2996,11025,0.125,0.90625,0.62643055053608,0.6896551724137931,129.71962616822427
2997,10532,0.1125,0.79528125,0.8773762197325623,0.3448275862068966,129.7
2998,13439,0.8625,0.865875,0.9729671123960967,0.6206896551724137,129.7
2999,23540,0.12499999999999992,0.79315625,0.9972172027466569,0.6206896551724137,129.7
3000,20938,0.3625,0.7618750000000001,0.9661366100469823,1.0,129.66666666666663
3001,21064,0.625,0.7618750000000001,0.9661366100469823,0.27586206896551724,129.66666666666663
3002,11106,0.125,0.79528125,0.8773762197325623,1.0,129.65777777777774
3003,12053,0.375,0.871875,0.62643055053608,0.0,129.65714285714284
3004,13156,0.625,0.75,0.62643055053608,0.0,129.6285714285714
3005,11079,0.125,0.8195625,0.8788820624021202,0.9655172413793103,129.62264150943395
3006,11107,0.125,0.8023125,0.8788820624021202,0.27586206896551724,129.6111111111111
3007,11834,0.375,0.79634375,0.9860498735092157,0.6206896551724137,129.59999999999997
3008,23540,0.12499999999999992,0.79315625,0.9972172027466569,0.3448275862068966,129.59999999999997
3009,12220,0.375,0.8294374999999998,0.9969883146608842,0.0,129.57142857142856
3010,12572,0.6125,0.8195625,0.8788820624021202,1.0,129.5622222222222
3011,20938,0.3625,0.7618750000000001,0.9661366100469823,0.27586206896551724,129.55555555555554
3012,23689,0.8625,0.7931874999999999,0.9972292494880134,0.6206896551724137,129.49999999999997
3013,12218,0.375,0.844125,0.9902300927599084,0.13793103448275862,129.49999999999997
3014,10352,0.1125,0.85690625,0.96883508011083,0.13793103448275862,129.49999999999997
3015,23540,0.12499999999999992,0.79315625,0.9972172027466569,0.13793103448275862,129.49999999999997
3016,11779,0.3625,0.76290625,0.9138296590772196,0.0,129.49999999999997
3017,10606,0.1125,0.903125,0.6846187206360679,1.0,129.4222222222222
3018,13448,0.8625,0.79984375,0.9989157932779182,0.13793103448275862,129.39999999999998
3019,12090,0.375,0.833625,0.8749909649439825,0.6206896551724137,129.39999999999998
3020,11081,0.125,0.82659375,0.8773762197325623,0.48275862068965514,129.36363636363635
3021,12087,0.375,0.8195625,0.8788820624021202,0.48275862068965514,129.35454545454544
3022,12574,0.6125,0.833625,0.8749909649439825,0.6206896551724137,129.31999999999996
3023,22896,0.12499999999999992,0.83690625,0.9940368630285508,0.6206896551724137,129.29999999999998
3024,11361,0.3625,0.8634375000000001,0.9629442235875195,0.3448275862068966,129.29999999999998
3025,22896,0.12499999999999992,0.83690625,0.9940368630285508,0.13793103448275862,129.29999999999998
3026,12167,0.375,0.71875,0.62643055053608,0.6206896551724137,129.29999999999998
3027,11491,0.3625,0.71875,0.62643055053608,0.13793103448275862,129.29999999999998
3028,12434,0.6125,0.844125,0.9902300927599084,0.6206896551724137,129.29999999999998
3029,12353,0.6125,0.82128125,0.9870015660763762,0.48275862068965514,129.27272727272725
3030,12574,0.6125,0.833625,0.8749909649439825,0.3448275862068966,129.26999999999998
3031,12090,0.375,0.833625,0.8749909649439825,0.3448275862068966,129.24999999999997
3032,12572,0.6125,0.8195625,0.8788820624021202,0.48275862068965514,129.24545454545452
3033,14239,0.875,0.80725,0.9998795325864354,0.9655172413793103,129.2452830188679
3034,10421,0.1125,0.82203125,0.9989157932779182,0.9655172413793103,129.2452830188679
3035,22394,0.8625,0.7837500000000001,0.9934586194434405,0.9655172413793103,129.2452830188679
3036,23534,0.3625,0.805625,0.9877002770750511,0.9655172413793103,129.2452830188679
3037,12090,0.375,0.833625,0.8749909649439825,0.9655172413793103,129.2452830188679
3038,22216,0.12499999999999996,0.7837500000000001,0.9813155041561258,0.9655172413793103,129.2452830188679
3039,13439,0.8625,0.865875,0.9729671123960967,0.3448275862068966,129.2
3040,11171,0.125,0.706,0.7761354053728465,0.13793103448275862,129.2
3041,10558,0.1125,0.833625,0.8749909649439825,0.6206896551724137,129.17999999999998
3042,13641,0.8625,0.90625,0.62643055053608,0.8275862068965517,129.16666666666666
3043,13232,0.625,0.79984375,0.9989157932779182,0.8275862068965517,129.16666666666666
3044,22877,0.12499999999999992,0.83690625,0.9819057944825923,0.8275862068965517,129.16666666666666
3045,13233,0.625,0.7924375,0.9969883146608842,0.8275862068965517,129.16666666666666
3046,21096,0.8625,0.7618750000000001,0.9785086134200698,0.8275862068965517,129.16666666666666
3047,10557,0.1125,0.82659375,0.8773762197325623,0.8275862068965517,129.16666666666666
3048,14103,0.875,0.8195625,0.8788820624021202,0.8275862068965517,129.16666666666666
3049,13454,0.8625,0.756,0.9729671123960967,0.6896551724137931,129.15887850467288
3050,13488,0.8625,0.6875,0.62643055053608,0.27586206896551724,129.1111111111111
3051,22896,0.12499999999999992,0.83690625,0.9940368630285508,0.3448275862068966,129.09999999999997
3052,12218,0.375,0.844125,0.9902300927599084,0.6206896551724137,129.09999999999997
3053,10419,0.1125,0.8368125,0.9940850499939766,0.13793103448275862,129.09999999999997
3054,10630,0.1125,0.9375,0.6752463558607397,0.48275862068965514,129.09090909090907
3055,11306,0.125,0.83165625,0.8878448379713287,0.0,129.08571428571426
3056,12632,0.6125,0.90625,0.6545717383447777,1.0,129.08555555555552
3057,11985,0.375,0.934375,0.7682568365257197,1.0,129.02222222222218
3058,23512,0.125,0.805625,0.9877002770750511,0.48275862068965514,128.99999999999997
3059,10858,0.125,0.75,0.9248042404529574,0.3448275862068966,128.99999999999997
3060,14191,0.875,0.692,0.7440320443320082,0.27586206896551724,128.99999999999997
3061,13806,0.8625,0.7584375,0.9629442235875195,0.6896551724137931,128.9719626168224
3062,13097,0.625,0.82659375,0.8773762197325623,0.6896551724137931,128.9719626168224
3063,23542,0.3625,0.805625,0.9997470184315143,0.6896551724137931,128.9719626168224
3064,12166,0.375,0.71875,0.7718949524153716,0.6896551724137931,128.9719626168224
3065,13502,0.8625,0.71875,0.7718949524153716,0.6896551724137931,128.9719626168224
3066,13361,0.8625,0.82128125,0.9870015660763762,0.6896551724137931,128.9719626168224
3067,23670,0.8625,0.7931874999999999,0.9851343211661244,0.6896551724137931,128.9719626168224
3068,11298,0.125,0.82128125,0.9870015660763762,0.6896551724137931,128.9719626168224
3069,21720,0.625,0.85878125,0.9672328635104203,0.6896551724137931,128.9719626168224
3070,11565,0.3625,0.82659375,0.8773762197325623,0.6896551724137931,128.9719626168224
3071,10558,0.1125,0.833625,0.8749909649439825,0.3448275862068966,128.92
3072,12499,0.6125,0.71875,0.62643055053608,0.6206896551724137,128.89999999999998
3073,13802,0.8625,0.75,0.9248042404529574,0.13793103448275862,128.89999999999998
3074,13802,0.8625,0.75,0.9248042404529574,0.3448275862068966,128.89999999999998
